-0.424264 0.424264 -6.84479
-0.424264 0.424264 1.64049
-1.92426 -1.07574 0.933381
4.28284 3.71716 3.0547
-3.71716 -4.28284 0.226274
1.57574 2.42426 0.226274
4.28284 3.71716 0.226274
6.28284 5.71716 3.0547
0.282843 -0.282843 -2.60215
2.28284 1.71716 1.64049
-4.21716 -4.78284 -1.89505
-0.924264 -0.0757359 -3.30926
1.78284 1.21716 -1.89505
2.78284 2.21716 2.34759
-0.717157 -1.28284 1.64049
-3.21716 -3.78284 -0.480833
4.57574 5.42426 1.64049
2.28284 1.71716 0.226274
-3.42426 -2.57574 0.226274
-3.42426 -2.57574 -4.01637
-3.92426 -3.07574 -0.480833
-4.21716 -4.78284 -0.480833
0.0757359 0.924264 0.933381
1.78284 1.21716 0.933381
-1.71716 -2.28284 3.0547
