0 1.77833
0.005 1.77037
0.01 1.76242
0.015 1.75451
0.02 1.74664
0.025 1.73881
0.03 1.73103
0.035 1.72329
0.04 1.71559
0.045 1.70793
0.05 1.70032
0.055 1.69275
0.06 1.68522
0.065 1.67774
0.07 1.6703
0.075 1.6629
0.08 1.65554
0.085 1.64823
0.09 1.64095
0.095 1.63373
0.1 1.62654
0.105 1.6194
0.11 1.61229
0.115 1.60524
0.12 1.59822
0.125 1.59125
0.13 1.58431
0.135 1.57742
0.14 1.57058
0.145 1.56377
0.15 1.55701
0.155 1.55029
0.16 1.54361
0.165 1.53698
0.17 1.53038
0.175 1.52383
0.18 1.51732
0.185 1.51086
0.19 1.50443
0.195 1.49805
0.2 1.49171
0.205 1.48541
0.21 1.47915
0.215 1.47294
0.22 1.46677
0.225 1.46064
0.23 1.45455
0.235 1.4485
0.24 1.4425
0.245 1.43653
0.25 1.43061
0.255 1.42473
0.26 1.41889
0.265 1.4131
0.27 1.40734
0.275 1.40163
0.28 1.39596
0.285 1.39033
0.29 1.38474
0.295 1.3792
0.3 1.37369
0.305 1.36823
0.31 1.36281
0.315 1.35743
0.32 1.35209
0.325 1.34679
0.33 1.34153
0.335 1.33632
0.34 1.33115
0.345 1.32601
0.35 1.32092
0.355 1.31587
0.36 1.31087
0.365 1.3059
0.37 1.30097
0.375 1.29609
0.38 1.29125
0.385 1.28644
0.39 1.28168
0.395 1.27696
0.4 1.27228
0.405 1.26765
0.41 1.26305
0.415 1.25849
0.42 1.25398
0.425 1.2495
0.43 1.24507
0.435 1.24068
0.44 1.23632
0.445 1.23201
0.45 1.22774
0.455 1.22351
0.46 1.21932
0.465 1.21517
0.47 1.21107
0.475 1.207
0.48 1.20297
0.485 1.19899
0.49 1.19504
0.495 1.19114
0.5 1.18727
0.505 1.18345
0.51 1.17966
0.515 1.17592
0.52 1.17222
0.525 1.16855
0.53 1.16493
0.535 1.16135
0.54 1.1578
0.545 1.1543
0.55 1.15084
0.555 1.14742
0.56 1.14404
0.565 1.14069
0.57 1.13739
0.575 1.13413
0.58 1.13091
0.585 1.12773
0.59 1.12458
0.595 1.12148
0.6 1.11842
0.605 1.1154
0.61 1.11241
0.615 1.10947
0.62 1.10657
0.625 1.1037
0.63 1.10088
0.635 1.0981
0.64 1.09535
0.645 1.09265
0.65 1.08998
0.655 1.08735
0.66 1.08477
0.665 1.08222
0.67 1.07971
0.675 1.07724
0.68 1.07481
0.685 1.07242
0.69 1.07007
0.695 1.06776
0.7 1.06549
0.705 1.06326
0.71 1.06106
0.715 1.05891
0.72 1.05679
0.725 1.05472
0.73 1.05268
0.735 1.05068
0.74 1.04872
0.745 1.0468
0.75 1.04492
0.755 1.04308
0.76 1.04127
0.765 1.03951
0.77 1.03778
0.775 1.0361
0.78 1.03445
0.785 1.03284
0.79 1.03127
0.795 1.02974
0.8 1.02824
0.805 1.02679
0.81 1.02537
0.815 1.024
0.82 1.02266
0.825 1.02136
0.83 1.0201
0.835 1.01887
0.84 1.01769
0.845 1.01654
0.85 1.01544
0.855 1.01437
0.86 1.01334
0.865 1.01234
0.87 1.01139
0.875 1.01047
0.88 1.0096
0.885 1.00876
0.89 1.00796
0.895 1.0072
0.9 1.00647
0.905 1.00579
0.91 1.00514
0.915 1.00453
0.92 1.00396
0.925 1.00342
0.93 1.00293
0.935 1.00247
0.94 1.00205
0.945 1.00167
0.95 1.00133
0.955 1.00103
0.96 1.00076
0.965 1.00053
0.97 1.00034
0.975 1.00019
0.98 1.00008
0.985 1
0.99 0.999962
0.995 0.999962
1 1
