0 1 1
0.001600000000000000077 0.9999974403216996821 0.9999974400000000152
0.003200000000000000153 0.9999897606433940656 0.9999897599999999498
0.004800000000000000447 0.9999769609650811519 0.9999769600000000258
0.006400000000000000307 0.9999590412867559452 0.9999590400000000212
0.008000000000000000167 0.9999360016084132274 0.999936000000000047
0.009600000000000000894 0.9999078419300488907 0.9999078399999999922
0.01119999999999999989 0.999874562251657939 0.9998745599999999678
0.01280000000000000061 0.9998361625732353763 0.9998361599999999738
0.01440000000000000134 0.9997926428947760957 0.9997926400000000102
0.01600000000000000033 0.9997440032162757673 0.999743999999999966
0.01760000000000000106 0.9996902435377291729 0.9996902399999999522
0.01920000000000000179 0.9996313638591318718 0.9996313599999999688
0.02080000000000000251 0.9995673641804787568 0.9995673600000000159
0.02239999999999999977 0.999498244501764832 0.9994982399999999823
0.0240000000000000005 0.9994240048229855455 0.9994239999999999791
0.02560000000000000123 0.9993446451441361233 0.9993446400000000063
0.02720000000000000195 0.9992601654652116805 0.9992601599999999529
0.02880000000000000268 0.999170565786207221 0.9991705600000000409
0.03039999999999999994 0.9990758461071178598 0.9990758400000000483
0.03200000000000000067 0.998976006427939045 0.9989759999999999751
0.03360000000000000486 0.9988710467486660027 0.9988710400000000433
0.03520000000000000212 0.9987609670692934039 0.9987609600000000309
0.03679999999999999938 0.9986457673898170295 0.998645760000000049
0.03840000000000000357 0.9985254477102314397 0.9985254399999999864
0.04000000000000000083 0.9984000080305324154 0.9983999999999999542
0.04160000000000000503 0.9982694483507147387 0.9982694399999999524
0.04320000000000000229 0.9981337686707736356 0.998133759999999981
0.04479999999999999954 0.9979929689907041102 0.99799296000000004
0.04640000000000000374 0.9978470493105014993 0.9978470400000000184
0.048000000000000001 0.9976960096301611403 0.9976960000000000273
0.0496000000000000052 0.9975398499496778149 0.9975398399999999555
0.05120000000000000245 0.9973785702690471933 0.9973785600000000251
0.05279999999999999971 0.9972121705882638354 0.9972121600000000141
0.05440000000000000391 0.9970406509073235224 0.9970406400000000335
0.05600000000000000117 0.9968640112262211472 0.9968639999999999723
0.05760000000000000536 0.9966822515449517139 0.9966822400000000526
0.05920000000000000262 0.9964953718635107816 0.9964953600000000522
0.06079999999999999988 0.99630337218189291 0.9963033599999999712
0.06240000000000000407 0.9961062525000937695 0.9961062400000000316
0.06400000000000000133 0.995904012818108586 0.9959040000000000115
0.06560000000000000553 0.9956966531359320305 0.9956966400000000217
0.06720000000000000973 0.995484173453559662 0.9954841599999999513
0.06880000000000000004 0.9952665737709864846 0.9952665600000000223
0.07040000000000000424 0.9950438540882078353 0.9950438400000000128
0.07200000000000000844 0.9948160144052187182 0.9948160000000000336
0.07359999999999999876 0.9945830547220142481 0.9945830399999999738
0.07520000000000000295 0.9943449750385895403 0.9943449600000000554
0.07680000000000000715 0.9941017753549399316 0.9941017599999999454
0.07839999999999999747 0.9938534556710606482 0.9938534399999999769
0.08000000000000000167 0.9936000159869468051 0.9936000000000000387
0.08160000000000000586 0.9933414563025934063 0.9933414400000000199
0.08320000000000001006 0.9930777766179956778 0.9930777600000000316
0.08480000000000000038 0.9928089769331488457 0.9928089599999999626
0.08640000000000000457 0.9925350572480481359 0.992535040000000035
0.08800000000000000877 0.9922560175626885526 0.9922560000000000269
0.08959999999999999909 0.9919718578770650996 0.9919718400000000491
0.09120000000000000329 0.9916825781911735582 0.9916825599999999907
0.09280000000000000748 0.9913881785050083773 0.9913881599999999628
0.0943999999999999978 0.9910886588185652268 0.9910886399999999652
0.096000000000000002 0.990784019131839 0.990783999999999998
0.0976000000000000062 0.9904742594448248116 0.9904742399999999503
0.09920000000000001039 0.9901593797575177769 0.9901593600000000439
0.1008000000000000007 0.9898393800699134548 0.9898393599999999459
0.1024000000000000049 0.9895142603820066274 0.9895142399999999894
0.1040000000000000091 0.9891840206937926316 0.9891839999999999522
0.1055999999999999994 0.9888486610052665826 0.9888486400000000565
0.1072000000000000036 0.9885081813164234843 0.9885081599999999691
0.1088000000000000078 0.9881625816272586738 0.9881625600000000231
0.110400000000000012 0.987811861937767377 0.9878118399999999966
0.1120000000000000023 0.9874560222479444871 0.9874560000000000004
0.1136000000000000065 0.987095062557785452 0.9870950400000000347
0.1152000000000000107 0.9867289828672853869 0.9867289599999999883
0.116800000000000001 0.9863577831764391846 0.9863577599999999723
0.1184000000000000052 0.9859814634852418491 0.9859814399999999868
0.1200000000000000094 0.9856000237936891617 0.9856000000000000316
0.1215999999999999998 0.9852134641017760153 0.9852134399999999959
0.123200000000000004 0.9848217844094973028 0.9848217599999999905
0.1248000000000000081 0.9844249847168484724 0.9844249600000000155
0.1264000000000000123 0.984023065023824528 0.98402303999999996
0.1280000000000000027 0.9836160253304205847 0.9836160000000000458
0.129599999999999993 0.9832038656366320906 0.9832038400000000511
0.1312000000000000111 0.9827865859424538275 0.9827865599999999757
0.1328000000000000014 0.9823641862478811326 0.9823641600000000418
0.1344000000000000195 0.9819366665529088989 0.9819366400000000272
0.1360000000000000098 0.9815040268575327964 0.9815040000000000431
0.1376000000000000001 0.9810662671617473851 0.9810662399999999783
0.1392000000000000182 0.9806233874655481131 0.980623359999999944
0.1408000000000000085 0.9801753877689304284 0.980175360000000051
0.1423999999999999988 0.97972226807188878 0.9797222399999999665
0.1440000000000000169 0.9792640283744189489 0.9792640000000000233
0.1456000000000000072 0.9788006686765157172 0.9788006399999999996
0.1471999999999999975 0.9783321889781743108 0.9783321600000000062
0.1488000000000000156 0.9778585892793899559 0.9778585600000000433
0.1504000000000000059 0.9773798695801577674 0.9773798399999999997
0.1519999999999999962 0.9768960298804728604 0.9768959999999999866
0.1536000000000000143 0.9764070701803302388 0.9764070400000000038
0.1552000000000000046 0.9759129904797251287 0.9759129600000000515
0.1567999999999999949 0.9754137907786530892 0.9754137600000000186
0.158400000000000013 0.9749094710771085692 0.974909440000000016
0.1600000000000000033 0.9744000313750870168 0.9744000000000000439
0.1616000000000000214 0.973885471672583658 0.9738854399999999911
0.1632000000000000117 0.9733657919695934968 0.9733657599999999688
0.164800000000000002 0.9728409922661115372 0.9728409599999999768
0.1664000000000000201 0.9723110725621333383 0.9723110400000000153
0.1680000000000000104 0.9717760328576536821 0.9717759999999999732
0.1696000000000000008 0.9712358731526679057 0.9712358399999999614
0.1712000000000000188 0.9706905934471712349 0.9706905599999999801
0.1728000000000000091 0.970140193741158452 0.9701401600000000292
0.1743999999999999995 0.9695846740346251158 0.9695846399999999976
0.1760000000000000175 0.9690240343275658974 0.9690239999999999965
0.1776000000000000079 0.9684582746199761338 0.9684582400000000257
0.1791999999999999982 0.9678873949118511621 0.9678873599999999744
0.1808000000000000163 0.9673113952031856533 0.9673113599999999535
0.1824000000000000066 0.9667302754939750553 0.9667302399999999629
0.1839999999999999969 0.9661440357842147053 0.9661440000000000028
0.185600000000000015 0.9655526760738992742 0.9655526399999999621
0.1872000000000000053 0.964956196363024099 0.9649561599999999517
0.1887999999999999956 0.9643545966515844059 0.9643545599999999718
0.1904000000000000137 0.9637478769395750877 0.9637478400000000223
0.192000000000000004 0.9631360372269914816 0.9631359999999999921
0.1936000000000000221 0.9625190775138287025 0.9625190399999999924
0.1952000000000000124 0.9618969978000817544 0.9618969600000000231
0.1968000000000000027 0.9612697980857459745 0.9612697599999999731
0.1984000000000000208 0.9606374783708161447 0.9606374399999999536
0.2000000000000000111 0.960000038655287713 0.9599999999999999645
0.2016000000000000014 0.9593574789391555724 0.9593574400000000058
0.2032000000000000195 0.9587097992224148379 0.9587097599999999664
0.2048000000000000098 0.9580569995050608467 0.9580569599999999575
0.2064000000000000001 0.9573990797870886027 0.957399039999999979
0.2080000000000000182 0.9567360400684932209 0.9567360000000000309
0.2096000000000000085 0.9560678803492697053 0.9560678400000000021
0.2111999999999999988 0.955394600629413504 0.9553945600000000038
0.2128000000000000169 0.954716200908919177 0.9547161600000000359
0.2144000000000000072 0.9540326811877823943 0.9540326399999999873
0.2159999999999999976 0.9533440414659980489 0.9533439999999999692
0.2176000000000000156 0.9526502817435614778 0.9526502399999999815
0.219200000000000006 0.9519514020204673521 0.9519513600000000242
0.220800000000000024 0.9512474022967110088 0.9512473599999999863
0.2224000000000000143 0.9505382825722877849 0.9505382399999999787
0.2240000000000000047 0.9498240428471921293 0.9498240000000000016
0.2256000000000000227 0.9491046831214199342 0.9491046399999999439
0.2272000000000000131 0.9483802033949659815 0.9483801600000000276
0.2288000000000000034 0.9476506036678250533 0.9476505600000000307
0.2304000000000000214 0.9469158839399927086 0.9469158399999999531
0.2320000000000000118 0.9461760442114640624 0.946176000000000017
0.2336000000000000021 0.9454310844822337856 0.9454310400000000003
0.2352000000000000202 0.9446810047522974374 0.944680960000000014
0.2368000000000000105 0.9439258050216499107 0.9439257599999999471
0.2384000000000000008 0.9431654852902863206 0.9431654400000000216
0.2400000000000000189 0.9424000455582020042 0.9424000000000000155
0.2416000000000000092 0.9416294858253915212 0.9416294400000000397
0.2431999999999999995 0.9408538060918506529 0.9408537599999999834
0.2448000000000000176 0.9400730063575738482 0.9400729599999999575
0.2464000000000000079 0.9392870866225568882 0.939287039999999962
0.2479999999999999982 0.9384960468867942218 0.9384959999999999969
0.2496000000000000163 0.9376998871502810751 0.9376998399999999512
0.2512000000000000344 0.936898607413012896 0.9368985599999999359
0.2528000000000000247 0.9360922076749842446 0.9360921599999999509
0.254400000000000015 0.9352806879361910131 0.9352806399999999964
0.2560000000000000053 0.9344640481966275392 0.9344639999999999613
0.2575999999999999956 0.933642288456289382 0.9336422399999999566
0.259199999999999986 0.9328154087151709906 0.9328153599999999823
0.2608000000000000318 0.931983408973268368 0.9319833600000000384
0.2624000000000000221 0.9311462892305759631 0.9311462400000000139
0.2640000000000000124 0.9303040494870891131 0.9303040000000000198
0.2656000000000000028 0.9294566897428028218 0.9294566399999999451
0.2671999999999999931 0.9286042099977119824 0.9286041600000000118
0.2688000000000000389 0.9277466102518119317 0.9277465599999999979
0.2704000000000000292 0.926883890505097896 0.9268838400000000144
0.2720000000000000195 0.9260160507575643241 0.9260159999999999503
0.2736000000000000099 0.925143091009207108 0.9251430400000000276
0.2752000000000000002 0.9242650112600210299 0.9242649600000000243
0.2767999999999999905 0.9233818115100009827 0.9233817600000000514
0.2784000000000000363 0.9224934917591423034 0.9224934399999999979
0.2800000000000000266 0.9216000520074396629 0.9215999999999999748
0.281600000000000017 0.9207014922548886204 0.9207014399999999821
0.2832000000000000073 0.9197978125014838469 0.9197977600000000198
0.2847999999999999976 0.9188890127472206792 0.9188889599999999769
0.2863999999999999879 0.9179750929920942326 0.9179750399999999644
0.2880000000000000338 0.9170560532360993999 0.9170559999999999823
0.2896000000000000241 0.9161318934792312962 0.9161318400000000306
0.2912000000000000144 0.9152026137214849255 0.9152025599999999983
0.2928000000000000047 0.9142682139628554028 0.9142681599999999964
0.294399999999999995 0.913328694203337843 0.9133286400000000249
0.2960000000000000409 0.9123840544429273614 0.9123839999999999728
0.2976000000000000312 0.9114342946816188507 0.9114342399999999511
0.2992000000000000215 0.910479414919407537 0.9104793599999999598
0.3008000000000000118 0.9095194151562883134 0.9095193599999999989
0.3024000000000000021 0.9085542953922564058 0.9085542399999999574
0.3039999999999999925 0.9075840556273067072 0.9075839999999999463
0.3056000000000000383 0.9066086958614345548 0.9066086399999999657
0.3072000000000000286 0.9056282160946346194 0.9056281600000000154
0.3088000000000000189 0.9046426163269024601 0.9046425599999999845
0.3104000000000000092 0.9036518965582326368 0.903651839999999984
0.3119999999999999996 0.9026560567886205977 0.9026560000000000139
0.3135999999999999899 0.9016550970180609026 0.9016550399999999632
0.3152000000000000357 0.9006490172465493327 0.9006489599999999429
0.316800000000000026 0.8996378174740804479 0.899637759999999953
0.3184000000000000163 0.8986214977006492521 0.8986214399999999936
0.3200000000000000067 0.8976000579262507495 0.8975999999999999535
0.321599999999999997 0.896573498150880277 0.8965734400000000548
0.3232000000000000428 0.8955418183745329497 0.8955417599999999645
0.3248000000000000331 0.8945050185972033274 0.8945049600000000156
0.3264000000000000234 0.8934630988188869694 0.8934630399999999861
0.3280000000000000138 0.8924160590395785464 0.892415999999999987
0.3296000000000000041 0.8913638992592733956 0.8913638400000000184
0.3311999999999999944 0.890306619477966521 0.8903065599999999691
0.3328000000000000402 0.8892442196956524825 0.8892441599999999502
0.3344000000000000306 0.8881766999123270612 0.8881766399999999617
0.3360000000000000209 0.887104060127984817 0.8871040000000000036
0.3376000000000000112 0.886026300342620865 0.886026239999999965
0.3392000000000000015 0.8849434205562302092 0.8849433599999999567
0.3407999999999999918 0.8838554207688080755 0.8838553599999999788
0.3424000000000000377 0.882762300980349246 0.8827622399999999203
0.344000000000000028 0.8816640611908488356 0.8816640000000000033
0.3456000000000000183 0.8805607014003018485 0.8805606400000000056
0.3472000000000000086 0.8794522216087032884 0.8794521600000000383
0.3487999999999999989 0.8783386218160483816 0.8783385599999999904
0.3503999999999999893 0.8772199020223320209 0.8772198399999999729
0.3520000000000000351 0.8760960622275489884 0.8760959999999999859
0.3536000000000000254 0.8749671024316947321 0.8749670400000000292
0.3552000000000000157 0.8738330226347639229 0.8738329599999999919
0.356800000000000006 0.872693822836752009 0.8726937599999999851
0.3583999999999999964 0.8715495030376535501 0.8715494400000000086
0.3600000000000000422 0.8704000632374638835 0.8703999999999999515
0.3616000000000000325 0.86924550343617768 0.8692454400000000359
0.3632000000000000228 0.8680858236337903877 0.8680857600000000396
0.3648000000000000131 0.8669210238302966776 0.8669209599999999627
0.3664000000000000035 0.8657511040256915535 0.8657510400000000272
0.3679999999999999938 0.8645760642199704638 0.8645760000000000112
0.3696000000000000396 0.863395904413127635 0.8633958399999999145
0.3712000000000000299 0.8622106246051586265 0.8622105599999999592
0.3728000000000000203 0.8610202247960585531 0.8610201600000000344
0.3744000000000000106 0.8598247049858220858 0.8598246400000000289
0.3760000000000000009 0.8586240651744444508 0.8586240000000000538
0.3775999999999999912 0.8574183053619203188 0.8574182399999999982
0.379200000000000037 0.8562074255482451379 0.8562073599999999729
0.3808000000000000274 0.8549914257334135792 0.854991359999999978
0.3824000000000000177 0.8537703059174206466 0.8537702400000000136
0.384000000000000008 0.8525440661002616771 0.8525439999999999685
0.3855999999999999983 0.8513127062819312307 0.8513126399999999538
0.3872000000000000441 0.8500762264624246445 0.8500761599999999696
0.3888000000000000345 0.8488346266417365893 0.8488345600000000157
0.3904000000000000248 0.8475879068198621802 0.8475878399999999813
0.3920000000000000151 0.8463360669967966432 0.8463359999999999772
0.3936000000000000054 0.8450791071725346493 0.8450790400000000036
0.3951999999999999957 0.8438170273470712024 0.8438169600000000603
0.3968000000000000416 0.8425498275204014176 0.8425497599999999254
0.3984000000000000319 0.8412775076925205209 0.841277440000000043
0.4000000000000000222 0.8400000678634228501 0.8399999999999999689
0.4016000000000000125 0.8387175080331038535 0.8387174399999999252
0.4032000000000000028 0.8374298282015583128 0.837429760000000023
0.4047999999999999932 0.8361370283687814542 0.8361369600000000402
0.406400000000000039 0.8348391085347679486 0.8348390399999999767
0.4080000000000000293 0.8335360686995126889 0.8335359999999999436
0.4096000000000000196 0.8322279088630111232 0.832227840000000052
0.4112000000000000099 0.8309146290252578115 0.8309145599999999687
0.4128000000000000003 0.8295962291862479798 0.8295961600000000269
0.4144000000000000461 0.828272709345976299 0.8282726400000000044
0.4160000000000000364 0.8269440695044378842 0.8269439999999999014
0.4176000000000000267 0.8256103096616278503 0.8256102399999999397
0.4192000000000000171 0.8242714298175410903 0.8242713600000000085
0.4208000000000000074 0.8229274299721724972 0.8229273599999999966
0.4223999999999999977 0.821578310125516853 0.8215782400000000152
0.4240000000000000435 0.8202240702775692727 0.8202239999999999531
0.4256000000000000338 0.8188647104283249822 0.8188646399999999215
0.4272000000000000242 0.8175002305777784306 0.8175001600000000312
0.4288000000000000145 0.8161306307259250659 0.8161305599999999494
0.4304000000000000048 0.8147559108727593369 0.8147558400000000089
0.4319999999999999951 0.8133760710182763587 0.8133759999999999879
0.4336000000000000409 0.8119911111624710243 0.8119910399999999973
0.4352000000000000313 0.8106010313053385596 0.810600959999999926
0.4368000000000000216 0.8092058314468737468 0.8092057599999999962
0.4384000000000000119 0.8078055115870713676 0.8078054399999999857
0.4400000000000000022 0.8064000717259268702 0.8064000000000000057
0.4416000000000000481 0.8049895118634344815 0.804989439999999945
0.4432000000000000384 0.8035738319995899825 0.8035737599999999148
0.4448000000000000287 0.8021530321343874892 0.8021529599999999149
0.446400000000000019 0.8007271122678221165 0.8007270399999999455
0.4480000000000000093 0.7992960723998889794 0.7992960000000000065
0.4495999999999999996 0.7978599125305829709 0.7978598399999999868
0.4512000000000000455 0.7964186326598992061 0.7964185599999999976
0.4528000000000000358 0.7949722327878321337 0.7949721599999999277
0.4544000000000000261 0.793520712914377202 0.7935206399999999993
0.4560000000000000164 0.7920640730395290818 0.7920639999999999903
0.4576000000000000068 0.7906023131632824441 0.7906022400000000117
0.4591999999999999971 0.789135433285632848 0.7891353599999999524
0.4608000000000000429 0.7876634334065747423 0.7876633599999999236
0.4624000000000000332 0.786186313526103131 0.7861862399999999251
0.4640000000000000235 0.7847040736442127962 0.7847039999999999571
0.4656000000000000139 0.7832167137608989638 0.7832166400000000195
0.4672000000000000042 0.7817242338761560827 0.7817241600000000012
0.46880000000000005 0.78022663398997949 0.7802265600000000134
0.4704000000000000403 0.7787239141023636346 0.778723839999999945
0.4720000000000000306 0.7772160742133040756 0.7772159999999999069
0.473600000000000021 0.7757031143227952619 0.7757030400000000103
0.4752000000000000113 0.7741850344308319753 0.7741849599999999221
0.4768000000000000016 0.7726618345374094421 0.7726617599999999753
0.4784000000000000474 0.771133514642522222 0.7711334399999999478
0.4800000000000000377 0.7696000747461655411 0.7695999999999999508
0.4816000000000000281 0.7680615148483340704 0.7680614399999999842
0.4832000000000000184 0.7665178349490227028 0.7665177599999999369
0.4848000000000000087 0.7649690350482265533 0.7649689600000000311
0.486399999999999999 0.7634151151459406259 0.7634150399999999337
0.4880000000000000449 0.7618560752421594806 0.7618559999999999777
0.4896000000000000352 0.7602919153368777883 0.760291839999999941
0.4912000000000000255 0.7587226354300908859 0.7587225599999999348
0.4928000000000000158 0.7571482355217935556 0.757148159999999959
0.4944000000000000061 0.7555687156119805792 0.7555686400000000136
0.4959999999999999964 0.7539840757006466276 0.7539839999999999876
0.4976000000000000423 0.7523943157877872601 0.7523942399999999919
0.4992000000000000326 0.7507994358733964813 0.7507993600000000267
0.5008000000000000229 0.7491994359574697393 0.7491993599999999809
0.5024000000000000687 0.7475943160400014831 0.7475942399999999655
0.5040000000000000036 0.7459840761209869386 0.7459839999999999804
0.5056000000000000494 0.7443687162004208879 0.7443686400000000258
0.5071999999999999842 0.7427482362782980019 0.7427481599999999906
0.50880000000000003 0.7411226363546133955 0.7411225599999999858
0.5104000000000000759 0.7394919164293620728 0.7394918399999999004
0.5120000000000000107 0.7378560765025383716 0.7378560000000000674
0.5136000000000000565 0.736215116574137296 0.7362150399999999317
0.5151999999999999913 0.7345690366441539609 0.7345689600000000485
0.5168000000000000371 0.7329178367125830373 0.7329177599999999737
0.5183999999999999719 0.7312615167794191962 0.7312614400000000403
0.5200000000000000178 0.7296000768446577744 0.7296000000000000263
0.5216000000000000636 0.7279335169082931101 0.7279334399999999317
0.5231999999999999984 0.7262618369703204291 0.7262617599999999785
0.5248000000000000442 0.7245850370307340693 0.7245849599999999446
0.526399999999999979 0.7229031170895295899 0.7229030400000000522
0.5280000000000000249 0.7212160771467011067 0.7212159999999999682
0.5296000000000000707 0.7195239172022439567 0.7195238399999999146
0.5312000000000000055 0.7178266372561526998 0.7178265600000000024
0.5328000000000000513 0.71612423730842234 0.7161241599999998986
0.5343999999999999861 0.7144167173590474373 0.7144166400000000472
0.536000000000000032 0.7127040774080233287 0.7127040000000000042
0.5376000000000000778 0.7109863174553443521 0.7109862399999999916
0.5392000000000000126 0.7092634375010054004 0.7092633600000000094
0.5408000000000000584 0.7075354375450013666 0.7075353599999999465
0.5423999999999999932 0.7058023175873271438 0.7058022400000000252
0.5440000000000000391 0.7040640776279774027 0.7040640000000000231
0.5455999999999999739 0.7023207176669471474 0.7023206400000000516
0.5472000000000000197 0.7005722377042308269 0.7005721599999999993
0.5488000000000000655 0.6988186377398237781 0.6988185599999998665
0.5504000000000000004 0.6970599177737202279 0.6970598399999999861
0.5520000000000000462 0.6952960778059156244 0.6952959999999999141
0.553599999999999981 0.6935271178364040834 0.6935270399999999835
0.5552000000000000268 0.691753037865181053 0.6917529599999999723
0.5568000000000000727 0.689973837892240649 0.6899737599999999915
0.5584000000000000075 0.6881895179175780974 0.6881894399999999301
0.5600000000000000533 0.6864000779411882913 0.6863999999999998991
0.5615999999999999881 0.6846055179630655685 0.6846054400000000095
0.5632000000000000339 0.682805837983205155 0.6828057599999999283
0.5648000000000000798 0.6810010380016016107 0.6810009599999999885
0.5664000000000000146 0.6791911180182497176 0.6791910399999999681
0.5680000000000000604 0.6773760780331441467 0.6773759999999999781
0.5695999999999999952 0.6755559180462802349 0.6755558400000000185
0.571200000000000041 0.6737306380576522091 0.6737305599999999783
0.5727999999999999758 0.6719002380672551844 0.6719001600000000796
0.5744000000000000217 0.6700647180750833876 0.6700646399999999892
0.5760000000000000675 0.6682240780811321557 0.6682239999999999291
0.5776000000000000023 0.6663783180853960486 0.6663782400000000106
0.5792000000000000481 0.6645274380878697373 0.6645273599999999004
0.5807999999999999829 0.6626714380885483369 0.6626713600000000426
0.5824000000000000288 0.660810318087426074 0.6608102399999999932
0.5840000000000000746 0.6589440780844979528 0.6589439999999999742
0.5856000000000000094 0.6570727180797589773 0.6570726399999999856
0.5872000000000000552 0.6551962380732037072 0.6551961599999999164
0.5887999999999999901 0.6533146380648267026 0.6533145599999999886
0.5904000000000000359 0.6514279180546230785 0.6514278399999999802
0.5920000000000000817 0.6495360780425871727 0.6495359999999998912
0.5936000000000000165 0.6476391180287137672 0.6476390400000000547
0.5952000000000000624 0.645737038012998088 0.6457369599999999155
0.5967999999999999972 0.643829837995434584 0.6438297600000000287
0.598400000000000043 0.6419175179760177041 0.6419174399999999503
0.5999999999999999778 0.6400000779547424523 0.6400000000000000133
0.6016000000000000236 0.6380775179316037216 0.6380774399999999957
0.6032000000000000695 0.6361498379065961828 0.6361497599999998975
0.6048000000000000043 0.6342170378797143959 0.6342169600000000518
0.6064000000000000501 0.6322791178509530319 0.6322790400000000144
0.6079999999999999849 0.6303360778203069836 0.6303360000000000074
0.6096000000000000307 0.6283879177877709221 0.6283878400000000308
0.6112000000000000766 0.6264346377533395183 0.6264345599999998626
0.6128000000000000114 0.624476237717007332 0.6244761599999999468
0.6144000000000000572 0.6225127176787694783 0.6225126399999999505
0.615999999999999992 0.6205440776386205171 0.6205439999999999845
0.6176000000000000378 0.6185703175965547862 0.6185702399999999379
0.6192000000000000837 0.6165914375525674007 0.6165913599999999217
0.6208000000000000185 0.6146074375066533646 0.614607359999999936
0.6224000000000000643 0.6126183174588066827 0.6126182399999999806
0.6239999999999999991 0.6106240774090223589 0.6106240000000000556
0.6256000000000000449 0.6086247173572950642 0.608624639999999939
0.6271999999999999797 0.6066202373036198026 0.6066201600000000749
0.6288000000000000256 0.6046106372479906899 0.6046105600000000191
0.6304000000000000714 0.6025959171904027301 0.6025958399999998827
0.6320000000000000062 0.6005760771308508161 0.6005759999999999987
0.633600000000000052 0.5985511170693290639 0.5985510399999999231
0.6351999999999999869 0.5965210370058323663 0.596520959999999989
0.6368000000000000327 0.5944858369403560605 0.5944857599999999742
0.6384000000000000785 0.5924455168728939292 0.5924454399999998788
0.6400000000000000133 0.5904000768034409763 0.5904000000000000359
0.6416000000000000592 0.5883495167319918728 0.5883494400000000013
0.643199999999999994 0.5862938366585415118 0.5862937599999999971
0.6448000000000000398 0.5842330365830840089 0.5842329600000000234
0.6464000000000000856 0.5821671165056148123 0.582167039999999858
0.6480000000000000204 0.5800960764261280378 0.580095999999999945
0.6496000000000000663 0.5780199163446181343 0.5780198399999998404
0.6512000000000000011 0.5759386362610803278 0.5759385599999999883
0.6528000000000000469 0.5738522361755090673 0.5738521599999999445
0.6543999999999999817 0.5717607160878990236 0.5717606400000000422
0.6560000000000000275 0.5696640759982446456 0.5696639999999999482
0.6576000000000000734 0.5675623159065407153 0.5675622399999998846
0.6592000000000000082 0.5654554358127817926 0.5654553599999999625
0.660800000000000054 0.5633434357169624374 0.5633433599999999597
0.6623999999999999888 0.5612263156190776536 0.5612262399999999873
0.6640000000000000346 0.5591040755191216682 0.5591039999999999344
0.6656000000000000805 0.5569767154170897072 0.5569766399999999118
0.6672000000000000153 0.5548442353129755533 0.5548441600000000307
0.6688000000000000611 0.5527066352067745436 0.5527065599999998469
0.6703999999999999959 0.550563915098481127 0.5505638400000000265
0.6720000000000000417 0.5484160749880896413 0.5484160000000000146
0.6736000000000000876 0.5462631148755947574 0.546263039999999922
0.6752000000000000224 0.5441050347609914795 0.5441049599999999709
0.6768000000000000682 0.5419418346442739232 0.5419417599999998281
0.678400000000000003 0.5397735145254370925 0.5397734400000000488
0.6800000000000000488 0.5376000744044756585 0.5375999999999998558
0.6815999999999999837 0.5354215142813838479 0.5354214400000000262
0.6832000000000000295 0.5332378341561562207 0.5332377600000000051
0.6848000000000000753 0.5310490340287880029 0.5310489599999999033
0.6864000000000000101 0.5288551138992729772 0.528855040000000054
0.688000000000000056 0.5266560737676062587 0.526655999999999902
0.6895999999999999908 0.5244519136337824072 0.5244518400000000025
0.6912000000000000366 0.5222426334977962048 0.5222425600000000223
0.6928000000000000824 0.5200282333596414341 0.5200281599999998505
0.6944000000000000172 0.5178087132193134323 0.5178086399999999312
0.6960000000000000631 0.5155840730768067592 0.5155839999999999312
0.6975999999999999979 0.5133543129321154197 0.5133542399999999617
0.6992000000000000437 0.5111194327852347508 0.5111193599999999115
0.7007999999999999785 0.5088794326361585352 0.5088793600000000028
0.7024000000000000243 0.5066343124848817769 0.5066342399999999024
0.7040000000000000702 0.504384072331399036 0.5043839999999999435
0.705600000000000005 0.5021287121757047611 0.502128640000000015
0.7072000000000000508 0.4998682320177937344 0.4998681599999998948
0.7087999999999999856 0.4976026318576605156 0.4976025600000000271
0.7104000000000000314 0.4953319116952992207 0.4953318399999999677
0.7120000000000000773 0.4930560715307049646 0.4930559999999999388
0.7136000000000000121 0.4907751113638718632 0.4907750399999999402
0.7152000000000000579 0.4884890311947945873 0.4884889599999999721
0.7167999999999999927 0.486197831023467697 0.4861977600000000344
0.7184000000000000385 0.483901510849885641 0.483901439999999905
0.7200000000000000844 0.4816000706740430903 0.481599999999999917
0.7216000000000000192 0.4792935104959347159 0.4792934399999999595
0.723200000000000065 0.4769818303155547445 0.4769817599999999214
0.7247999999999999998 0.4746650301328980692 0.4746649600000000246
0.7264000000000000457 0.4723431099479589168 0.4723430399999999363
0.7279999999999999805 0.4700160697607319582 0.4700159999999999894
0.7296000000000000263 0.4676839095712115313 0.4676838399999999618
0.7312000000000000721 0.465346629379392307 0.4653465599999998537
0.7328000000000000069 0.4630042291852687342 0.4630041599999999979
0.7344000000000000528 0.4606567089888353728 0.4606566399999999506
0.7359999999999999876 0.4583040687900868937 0.4583040000000000447
0.7376000000000000334 0.4559463085890174128 0.4559462399999999471
0.7392000000000000792 0.4535834283856216009 0.45358335999999988
0.740800000000000014 0.4512154281798940181 0.4512153599999999543
0.7424000000000000599 0.4488423079718292241 0.4488422399999999479
0.7439999999999999947 0.4464640677614216679 0.446463999999999972
0.7456000000000000405 0.4440807075486655764 0.4440806399999999154
0.7472000000000000863 0.4416922273335558424 0.4416921599999998893
0.7488000000000000211 0.4392986271160866929 0.4392985600000000046
0.750400000000000067 0.4368999068962527987 0.4368998399999999283
0.7520000000000000018 0.4344960666740484978 0.4344959999999999933
0.7536000000000000476 0.432087106449468239 0.4320870399999999778
0.7551999999999999824 0.4296730262225066932 0.4296729599999999927
0.7568000000000000282 0.4272538259931579763 0.4272537599999999269
0.7584000000000000741 0.4248295057614168702 0.4248294399999998916
0.7600000000000000089 0.4224000655272778237 0.4223999999999999977
0.7616000000000000547 0.4199655052907351749 0.4199654399999999121
0.7631999999999999895 0.4175258250517832614 0.417525759999999968
0.7648000000000000353 0.4150810248104168654 0.4150809599999999433
0.7664000000000000812 0.4126311045666301025 0.412631039999999838
0.768000000000000016 0.4101760643204175327 0.4101759999999999851
0.7696000000000000618 0.407715904071773716 0.4077158399999999405
0.7711999999999999966 0.4052506238206932121 0.4052505600000000374
0.7728000000000000425 0.402780223567170248 0.4027801599999999427
0.7744000000000000883 0.4003047033111990505 0.4003046399999998783
0.7760000000000000231 0.3978240630527745125 0.3978239999999999554
0.7776000000000000689 0.3953383027918906389 0.3953382399999998409
0.7792000000000000037 0.3928474225285421007 0.3928473599999999788
0.7808000000000000496 0.3903514222627234576 0.3903513599999999251
0.7823999999999999844 0.3878503019944289365 0.3878502400000000128
0.7840000000000000302 0.3853440617236528754 0.3853439999999999088
0.785600000000000076 0.382832701450389723 0.3828326399999998353
0.7872000000000000108 0.3803162211746339283 0.3803161600000000142
0.7888000000000000567 0.3777946208963799402 0.3777945599999998905
0.7903999999999999915 0.3752679006156220964 0.3752678400000000192
0.7920000000000000373 0.3727360603323550681 0.3727359999999999562
0.7936000000000000831 0.3701991000465728598 0.3701990399999998127
0.7952000000000000179 0.3676570197582702537 0.3676569599999999216
0.7968000000000000638 0.3651098194674411435 0.3651097599999999499
0.7983999999999999986 0.3625574991740805331 0.3625574400000000086
0.8000000000000000444 0.3600000588781819832 0.3599999999999998757
0.8016000000000000902 0.35743749857974072 0.3574374399999998841
0.803200000000000025 0.3548698182787507482 0.354869759999999923
0.8048000000000000709 0.3522970179752064057 0.3522969599999998813
0.8064000000000000057 0.3497190976691019193 0.349719039999999981
0.8080000000000000515 0.3471360573604319599 0.3471359999999998891
0.8095999999999999863 0.3445478970491908655 0.3445478400000000496
0.8112000000000000322 0.3419546167353727517 0.3419545599999999075
0.812800000000000078 0.3393562164189722896 0.3393561599999999068
0.8144000000000000128 0.336752696099983817 0.3367526399999999365
0.8160000000000000586 0.3341440557784012277 0.3341439999999998856
0.8175999999999999934 0.3315302954542195257 0.3315302399999999761
0.8192000000000000393 0.3289114151274326048 0.328911359999999986
0.8208000000000000851 0.3262874147980349138 0.3262873599999999152
0.8224000000000000199 0.3236582944660209016 0.3236582399999999859
0.8240000000000000657 0.321024054131384684 0.321023999999999865
0.8256000000000000005 0.318384693794120488 0.3183846399999999965
0.8272000000000000464 0.3157402134542233174 0.3157401599999999364
0.8288000000000000922 0.3130906131116870661 0.3130905599999997957
0.830400000000000027 0.3104358927665059609 0.3104358399999999074
0.8320000000000000728 0.3077760524186742286 0.3077759999999998275
0.8336000000000000076 0.3051110920681866512 0.30511104
0.8352000000000000535 0.3024410117150370114 0.3024409599999998699
0.8367999999999999883 0.2997658113592199802 0.2997657599999999922
0.8384000000000000341 0.2970854910007297844 0.2970854399999999229
0.8400000000000000799 0.2944000506395604289 0.294399999999999884
0.8416000000000000147 0.2917094902757065844 0.2917094399999999865
0.8432000000000000606 0.289013809909162811 0.2890137599999998974
0.8447999999999999954 0.2863130095399225583 0.2863129600000000607
0.8464000000000000412 0.2836070891679806083 0.2836070399999999214
0.848000000000000087 0.2808960487933314099 0.2808959999999998125
0.8496000000000000218 0.2781798884159689678 0.278179839999999956
0.8512000000000000677 0.2754586080358877309 0.2754585599999999079
0.8528000000000000025 0.2727322076530817041 0.2727321600000000013
0.8544000000000000483 0.2700006872675454472 0.2700006399999999029
0.8560000000000000941 0.2672640468792729651 0.267263999999999835
0.857600000000000029 0.2645222864882588176 0.2645222399999999086
0.8592000000000000748 0.2617754060944970096 0.2617753599999999015
0.8608000000000000096 0.2590234056979822119 0.2590233600000000358
0.8624000000000000554 0.2562662852987079853 0.2562662399999998675
0.8639999999999999902 0.2535040448966690008 0.2535040000000000626
0.8656000000000000361 0.2507366844918597071 0.2507366399999999551
0.8672000000000000819 0.2479642040842739981 0.247964159999999878
0.8688000000000000167 0.2451866036739061006 0.2451865599999999423
0.8704000000000000625 0.2424038832607504634 0.242403839999999926
0.8719999999999999973 0.2396160428448012025 0.2396160000000000512
0.8736000000000000432 0.2368230824260526557 0.2368230399999998737
0.875200000000000089 0.2340250020044989387 0.2340249599999998376
0.8768000000000000238 0.2312218015801342785 0.2312217599999999429
0.8784000000000000696 0.2284134811529527909 0.2284134399999998566
0.8800000000000000044 0.2256000407229490357 0.2256000000000000227
0.8816000000000000503 0.2227814802901170177 0.2227814399999998862
0.8832000000000000961 0.2199577998544508528 0.2199577599999997801
0.8848000000000000309 0.2171289994159447678 0.2171289599999999265
0.8864000000000000767 0.2142950789745929896 0.2142950399999998812
0.8880000000000000115 0.211456038530389745 0.2114559999999999773
0.8896000000000000574 0.2086118780833293718 0.2086118399999998818
0.8911999999999999922 0.2057625976334056528 0.2057625600000000388
0.892800000000000038 0.2029081971806132589 0.2029081599999998931
0.8944000000000000838 0.200048676724946084 0.2000486399999998888
0.8960000000000000187 0.1971840362663981328 0.1971839999999999149
0.8976000000000000645 0.1943142758049640761 0.1943142399999998604
0.8991999999999999993 0.1914393953406374749 0.1914393599999999473
0.9008000000000000451 0.1885593948734129999 0.1885593599999999537
0.9024000000000000909 0.1856742744032846559 0.1856742399999998794
0.9040000000000000258 0.1827840339302466699 0.1827839999999999465
0.9056000000000000716 0.1798886734542930466 0.179888639999999822
0.9072000000000000064 0.1769881929754180128 0.17698815999999995
0.9088000000000000522 0.1740825924936155733 0.1740825599999998863
0.9104000000000000981 0.1711718720088801771 0.171171839999999853
0.9120000000000000329 0.1682560315212058288 0.1682559999999999611
0.9136000000000000787 0.1653350710305863114 0.1653350399999998777
0.9152000000000000135 0.1624089905370162956 0.1624089599999999356
0.9168000000000000593 0.1594777900404897863 0.1594777599999999129
0.9183999999999999941 0.1565414695410007884 0.1565414400000000317
0.92000000000000004 0.1536000290385435285 0.1535999999999999588
0.9216000000000000858 0.1506534685331117895 0.1506534399999998053
0.9232000000000000206 0.1477017880247000203 0.1477017600000000153
0.9248000000000000664 0.1447449875133020036 0.1447449599999999226
0.9264000000000000012 0.1417830669989126324 0.1417830399999999713
0.9280000000000000471 0.1388160264815252454 0.1388159999999999394
0.9296000000000000929 0.1358438659611342914 0.135843839999999827
0.9312000000000000277 0.1328665854377337752 0.1328665599999999669
0.9328000000000000735 0.1298841849113177016 0.1298841599999999152
0.9344000000000000083 0.1268966643818800755 0.126896640000000005
0.9360000000000000542 0.1239040238494151236 0.1239039999999999031
0.9376000000000001 0.1209062633139170728 0.1209062399999998316
0.9392000000000000348 0.1179033827753794839 0.1179033599999999016
0.9408000000000000806 0.1148953822337972497 0.1148953599999998909
0.9424000000000000155 0.111882261689163931 0.1118822400000000217
0.9440000000000000613 0.1088640211414733105 0.1088639999999998498
0.9455999999999999961 0.1058406605907200593 0.1058406400000000414
0.9472000000000000419 0.1028121800368977379 0.1028121599999999303
0.9488000000000000878 0.09977857948000079524 0.09977855999999984959
0.9504000000000000226 0.09673985892002301412 0.09673983999999991035
0.9520000000000000684 0.09369601835695839931 0.09369599999999989048
0.9536000000000000032 0.09064705779080139969 0.09064704000000001205
0.955200000000000049 0.08759297722154557597 0.08759295999999994198
0.9568000000000000949 0.08453377664918493295 0.08453375999999979129
0.9584000000000000297 0.08146945607371414155 0.08146943999999989305
0.9600000000000000755 0.07840001549512676249 0.07839999999999980318
0.9616000000000000103 0.07532545491341657851 0.07532543999999996576
0.9632000000000000561 0.07224577432857803849 0.0722457599999999367
0.9647999999999999909 0.06916097374060470315 0.06916096000000004906
0.9664000000000000368 0.06607105314949124342 0.06607103999999996979
0.9680000000000000826 0.06297601255523121999 0.06297599999999980991
0.9696000000000000174 0.05987585195781863767 0.0598758400000000135
0.9712000000000000632 0.0567705713572477233 0.05677055999999991442
0.972799999999999998 0.05366017075351225962 0.05366015999999995678
0.9744000000000000439 0.05054465014660625144 0.05054463999999991852
0.9760000000000000897 0.04742400953652370355 0.04742399999999979965
0.9776000000000000245 0.04429824892325862074 0.04429823999999993323
0.9792000000000000703 0.0411673683068050078 0.04116735999999987516
0.9808000000000000052 0.03803136768715664751 0.03803135999999995853
0.982400000000000051 0.03489024706430798872 0.03489023999999985026
0.9840000000000000968 0.03174400643825237012 0.0317439999999997724
0.9856000000000000316 0.02859264580898401853 0.02859263999999994699
0.9872000000000000774 0.0254361651764971608 0.02543615999999981891
0.9888000000000000123 0.02227456454078535764 0.02227455999999994329
0.9904000000000000581 0.01910784390184283588 0.01910783999999987604
0.9919999999999999929 0.01593600325966337827 0.01593600000000006123
0.9936000000000000387 0.01275904261424076758 0.01275903999999994376
0.9952000000000000846 0.009576961965569230628 0.009576959999999856699
0.9968000000000000194 0.006389761313642772222 0.006389759999999911066
0.9984000000000000652 0.003197440658454953066 0.003197439999999884819
1 0 0
