0 1 1
0.0008000000000000000383 0.9999993600402575789 0.9999993600000000038
0.001600000000000000077 0.9999974400805148322 0.9999974400000000152
0.002400000000000000223 0.9999942401207718712 0.9999942400000000342
0.003200000000000000153 0.9999897601610286957 0.9999897599999999498
0.004000000000000000083 0.9999840002012848617 0.999983999999999984
0.004800000000000000447 0.9999769602415404801 0.9999769600000000258
0.005599999999999999943 0.9999686402817949959 0.9999686399999999642
0.006400000000000000307 0.9999590403220486312 0.9999590400000000212
0.00720000000000000067 0.9999481603623012749 0.9999481599999999748
0.008000000000000000167 0.9999360004025523718 0.999936000000000047
0.00880000000000000053 0.9999225604428021441 0.9999225600000000158
0.009600000000000000894 0.9999078404830503697 0.9999078399999999922
0.01040000000000000126 0.9998918405232968265 0.9998918399999999762
0.01119999999999999989 0.9998745605635412925 0.9998745599999999678
0.01200000000000000025 0.9998560006037839898 0.999855999999999967
0.01280000000000000061 0.9998361606440243632 0.9998361599999999738
0.01360000000000000098 0.9998150406842620797 0.9998150399999999882
0.01440000000000000134 0.9997926407244976943 0.9997926400000000102
0.01519999999999999997 0.999768960764730541 0.9997689600000000398
0.01600000000000000033 0.9997440008049606197 0.999743999999999966
0.01680000000000000243 0.9997177608451874864 0.9997177600000000108
0.01760000000000000106 0.9996902408854115851 0.9996902399999999522
0.01839999999999999969 0.9996614409256321387 0.9996614400000000122
0.01920000000000000179 0.9996313609658497024 0.9996313599999999688
0.02000000000000000042 0.9996000010060633878 0.9996000000000000441
0.02080000000000000251 0.9995673610462735281 0.9995673600000000159
0.02160000000000000114 0.9995334410864796792 0.9995334399999999953
0.02239999999999999977 0.9994982411266819522 0.9994982399999999823
0.02320000000000000187 0.9994617611668797919 0.9994617599999999769
0.0240000000000000005 0.9994240012070736423 0.9994239999999999791
0.0248000000000000026 0.9993849612472630595 0.9993849599999999889
0.02560000000000000123 0.9993446412874477103 0.9993446400000000063
0.02639999999999999986 0.9993030413276274837 0.9993030400000000313
0.02720000000000000195 0.9992601613678022687 0.9992601599999999529
0.02800000000000000058 0.9992160014079723984 0.9992159999999999931
0.02880000000000000268 0.9991705614481369846 0.9991705600000000409
0.02960000000000000131 0.9991238414882962493 0.9991238399999999853
0.03039999999999999994 0.9990758415284499705 0.9990758400000000483
0.03120000000000000204 0.9990265615685979261 0.9990265600000000079
0.03200000000000000067 0.9989760016087403383 0.9989759999999999751
0.03280000000000000276 0.9989241616488766518 0.9989241599999999499
0.03360000000000000486 0.9988710416890068666 0.9988710400000000433
0.03440000000000000002 0.9988166417291307608 0.9988166400000000333
0.03520000000000000212 0.9987609617692484454 0.9987609600000000309
0.03600000000000000422 0.9987040018093593652 0.9987040000000000362
0.03679999999999999938 0.9986457618494636312 0.998645760000000049
0.03760000000000000148 0.9985862418895610215 0.9985862399999999583
0.03840000000000000357 0.998525441929651647 0.9985254399999999864
0.03919999999999999873 0.9984633619697348417 0.998463360000000022
0.04000000000000000083 0.9984000020098106054 0.9983999999999999542
0.04080000000000000293 0.9983353620498789383 0.998335360000000005
0.04160000000000000503 0.9982694420899396182 0.9982694399999999524
0.04240000000000000019 0.9982022421299927561 0.9982022400000000184
0.04320000000000000229 0.9981337621700380192 0.998133759999999981
0.04400000000000000439 0.9980640022100748521 0.9980639999999999512
0.04479999999999999954 0.997992962250103588 0.99799296000000004
0.04560000000000000164 0.9979206422901240048 0.9979206400000000254
0.04640000000000000374 0.9978470423301357695 0.9978470400000000184
0.0471999999999999989 0.997772162370138771 0.9977721600000000191
0.048000000000000001 0.9976960024101332314 0.9976960000000000273
0.0488000000000000031 0.9976185624501184845 0.9976185600000000431
0.0496000000000000052 0.9975398424900945304 0.9975398399999999555
0.05040000000000000036 0.9974598425300613691 0.9974598399999999865
0.05120000000000000245 0.9973785625700187785 0.9973785600000000251
0.05200000000000000455 0.9972960026099664255 0.9972959999999999603
0.05279999999999999971 0.9972121626499047542 0.9972121600000000141
0.05360000000000000181 0.9971270426898329875 0.9971270399999999645
0.05440000000000000391 0.9970406427297510144 0.9970406400000000335
0.05520000000000000601 0.9969529627696590568 0.9969529599999999991
0.05600000000000000117 0.9968640028095567818 0.9968639999999999723
0.05680000000000000326 0.9967737628494437452 0.9967737599999999532
0.05760000000000000536 0.9966822428893201691 0.9966822400000000526
0.05840000000000000052 0.9965894429291857204 0.9965894400000000486
0.05920000000000000262 0.9964953629690402881 0.9964953600000000522
0.06000000000000000472 0.9964000030088839832 0.9963999999999999524
0.06079999999999999988 0.9963033630487163617 0.9963033599999999712
0.06160000000000000198 0.9962054430885372014 0.9962054399999999976
0.06240000000000000407 0.9961062431283466134 0.9961062400000000316
0.06320000000000000617 0.9960057631681443757 0.9960057599999999622
0.06400000000000000133 0.9959040032079302662 0.9959040000000000115
0.06479999999999999649 0.9958009632477039519 0.9958009599999999573
0.06560000000000000553 0.9956966432874655437 0.9956966400000000217
0.06640000000000000069 0.9955910433272149307 0.9955910399999999827
0.06720000000000000973 0.9954841633669516687 0.9954841599999999513
0.06800000000000000488 0.9953760034066758688 0.9953760000000000385
0.06880000000000000004 0.995266563446387309 0.9952665600000000223
0.06960000000000000908 0.9951558434860856561 0.9951558400000000137
0.07040000000000000424 0.9950438435257711323 0.9950438400000000128
0.0711999999999999994 0.9949305635654432933 0.9949305600000000194
0.07200000000000000844 0.9948160036051023614 0.9948160000000000336
0.0728000000000000036 0.9947001636447474482 0.9947001600000000554
0.07359999999999999876 0.9945830436843792199 0.9945830399999999738
0.07440000000000000779 0.9944646437239972325 0.9944646400000000108
0.07520000000000000295 0.9943449637636009308 0.9943449600000000554
0.07599999999999999811 0.9942240038031905369 0.9942239999999999966
0.07680000000000000715 0.9941017638427661618 0.9941017599999999454
0.07760000000000000231 0.9939782438823270283 0.9939782400000000129
0.07839999999999999747 0.9938534439218735805 0.9938534399999999769
0.07920000000000000651 0.9937273639614052634 0.9937273599999999485
0.08000000000000000167 0.9936000040009222989 0.9936000000000000387
0.0808000000000000107 0.9934713640404240209 0.9934713600000000255
0.08160000000000000586 0.9933414440799105405 0.9933414400000000199
0.08240000000000000102 0.9932102441193817466 0.993210240000000022
0.08320000000000001006 0.9930777641588374172 0.9930777600000000316
0.08400000000000000522 0.9929440041982775522 0.9929440000000000488
0.08480000000000000038 0.9928089642377018187 0.9928089599999999626
0.08560000000000000941 0.9926726442771099945 0.992672639999999995
0.08640000000000000457 0.9925350443165021908 0.992535040000000035
0.08719999999999999973 0.9923961643558782963 0.9923961599999999716
0.08800000000000000877 0.9922560043952380893 0.9922560000000000269
0.08880000000000000393 0.9921145644345812364 0.9921145599999999787
0.08959999999999999909 0.9919718444739078489 0.9919718400000000491
0.09040000000000000813 0.9918278445132172605 0.9918278400000000161
0.09120000000000000329 0.9916825645525100263 0.9916825599999999907
0.09199999999999999845 0.9915360045917853693 0.9915359999999999729
0.09280000000000000748 0.9913881646310434004 0.9913881599999999628
0.09360000000000000264 0.9912390446702840086 0.9912390399999999602
0.0943999999999999978 0.9910886447095069718 0.9910886399999999652
0.09520000000000000684 0.9909369647487124011 0.9909369599999999778
0.096000000000000002 0.9907840047878997414 0.990783999999999998
0.09680000000000001104 0.9906297648270691036 0.9906297600000000259
0.0976000000000000062 0.9904742448662201548 0.9904742399999999503
0.09840000000000000135 0.990317444905353006 0.9903174399999999933
0.09920000000000001039 0.9901593649444672129 0.9901593600000000439
0.1000000000000000056 0.9900000049835627758 0.9899999999999999911
0.1008000000000000007 0.9898393650226395835 0.9898393599999999459
0.1016000000000000097 0.9896774450616974139 0.9896774400000000194
0.1024000000000000049 0.9895142451007358231 0.9895142399999999894
0.1032000000000000001 0.9893497651397553661 0.989349759999999967
0.1040000000000000091 0.9891840051787553767 0.9891839999999999522
0.1048000000000000043 0.989016965217735855 0.989016959999999945
0.1055999999999999994 0.988848645256696468 0.9888486400000000565
0.1064000000000000085 0.9886790452956373265 0.9886790399999999535
0.1072000000000000036 0.9885081653345583197 0.9885081599999999691
0.1079999999999999988 0.9883360053734586703 0.9883359999999999923
0.1088000000000000078 0.9881625654123390445 0.9881625600000000231
0.109600000000000003 0.9879878454511988872 0.9879878399999999505
0.110400000000000012 0.9878118454900379763 0.9878118399999999966
0.1112000000000000072 0.9876345655288563119 0.9876345600000000502
0.1120000000000000023 0.9874560055676538939 0.9874560000000000004
0.1128000000000000114 0.9872761656064305003 0.9872761599999999582
0.1136000000000000065 0.9870950456451855759 0.9870950400000000347
0.1144000000000000017 0.9869126456839193429 0.9869126400000000077
0.1152000000000000107 0.9867289657226314681 0.9867289599999999883
0.1160000000000000059 0.9865440057613220626 0.9865439999999999765
0.116800000000000001 0.9863577657999906823 0.9863577599999999723
0.1176000000000000101 0.9861702458386374381 0.9861702399999999757
0.1184000000000000052 0.9859814458772621082 0.9859814399999999868
0.1192000000000000004 0.9857913659158643593 0.9857913600000000054
0.1200000000000000094 0.9856000059544441916 0.9856000000000000316
0.1208000000000000046 0.9854073659930012719 0.9854073599999999544
0.1215999999999999998 0.9852134460315357112 0.9852134399999999959
0.1224000000000000088 0.9850182460700472875 0.9850182400000000449
0.123200000000000004 0.9848217661085356678 0.9848217599999999905
0.1239999999999999991 0.9846240061470011851 0.9846240000000000547
0.1248000000000000081 0.9844249661854431732 0.9844249600000000155
0.1256000000000000172 0.9842246462238614102 0.984224639999999984
0.1264000000000000123 0.9840230462622562291 0.98402303999999996
0.1272000000000000075 0.9838201663006271858 0.9838201600000000546
0.1280000000000000027 0.9836160063389742803 0.9836160000000000458
0.1287999999999999978 0.9834105663772968464 0.9834105600000000447
0.129599999999999993 0.9832038464155954394 0.9832038400000000511
0.1304000000000000159 0.982995846453869726 0.9829958399999999541
0.1312000000000000111 0.9827865664921192623 0.9827865599999999757
0.1320000000000000062 0.9825760065303441593 0.982576000000000005
0.1328000000000000014 0.9823641665685439728 0.9823641600000000418
0.1335999999999999965 0.9821510466067189249 0.9821510399999999752
0.1344000000000000195 0.9819366466448685715 0.9819366400000000272
0.1352000000000000146 0.9817209666829930237 0.9817209599999999758
0.1360000000000000098 0.9815040067210919483 0.9815040000000000431
0.1368000000000000049 0.9812857667591652344 0.9812857600000000069
0.1376000000000000001 0.9810662467972127709 0.9810662399999999783
0.1383999999999999952 0.9808454468352344469 0.9808454399999999573
0.1392000000000000182 0.9806233668732299291 0.980623359999999944
0.1400000000000000133 0.9804000069111992177 0.9804000000000000492
0.1408000000000000085 0.9801753669491420906 0.980175360000000051
0.1416000000000000036 0.9799494469870585478 0.9799494399999999494
0.1423999999999999988 0.9797222470249481452 0.9797222399999999665
0.143199999999999994 0.9794937670628109938 0.9794937599999999911
0.1440000000000000169 0.9792640071006466496 0.9792640000000000233
0.144800000000000012 0.9790329671384553345 0.9790329599999999521
0.1456000000000000072 0.9788006471762369376 0.9788006399999999996
0.1464000000000000024 0.9785670472139906817 0.9785670399999999436
0.1471999999999999975 0.9783321672517168999 0.9783321600000000062
0.1480000000000000204 0.9780960072894153701 0.9780959999999999654
0.1488000000000000156 0.9778585673270859813 0.9778585600000000433
0.1496000000000000107 0.9776198473647284004 0.9776198400000000177
0.1504000000000000059 0.9773798474023429605 0.9773798399999999997
0.1512000000000000011 0.9771385674399288845 0.9771385599999999894
0.1519999999999999962 0.9768960074774865054 0.9768959999999999866
0.1528000000000000191 0.9766521675150152682 0.9766521599999999914
0.1536000000000000143 0.9764070475525152837 0.9764070400000000038
0.1544000000000000095 0.976160647589986219 0.9761606400000000239
0.1552000000000000046 0.975912967627428074 0.9759129600000000515
0.1559999999999999998 0.9756640076648405158 0.9756639999999999757
0.1567999999999999949 0.9754137677022237662 0.9754137600000000186
0.1576000000000000179 0.9751622477395774924 0.975162239999999958
0.158400000000000013 0.9749094477769013611 0.974909440000000016
0.1592000000000000082 0.9746553678141954835 0.9746553599999999706
0.1600000000000000033 0.9744000078514596375 0.9744000000000000439
0.1607999999999999985 0.9741433678886932679 0.9741433600000000137
0.1616000000000000214 0.9738854479258967078 0.9738854399999999911
0.1624000000000000166 0.9736262479630696243 0.9736262399999999761
0.1632000000000000117 0.9733657680002119061 0.9733657599999999688
0.1640000000000000069 0.9731040080373235535 0.973103999999999969
0.164800000000000002 0.9728409680744041221 0.9728409599999999768
0.1655999999999999972 0.9725766481114537232 0.9725766399999999923
0.1664000000000000201 0.9723110481484716905 0.9723110400000000153
0.1672000000000000153 0.9720441681854584681 0.9720441600000000459
0.1680000000000000104 0.971776008222413834 0.9717759999999999732
0.1688000000000000056 0.9715065682593373442 0.971506560000000019
0.1696000000000000008 0.9712358482962289985 0.9712358399999999614
0.1703999999999999959 0.9709638483330890191 0.9709638400000000225
0.1712000000000000188 0.9706905683699165177 0.9706905599999999801
0.172000000000000014 0.9704160084067118275 0.9704159999999999453
0.1728000000000000091 0.9701401684434746153 0.9701401600000000292
0.1736000000000000043 0.9698630484802047702 0.9698630400000000096
0.1743999999999999995 0.9695846485169022921 0.9695846399999999976
0.1751999999999999946 0.969304968553566737 0.9693049599999999932
0.1760000000000000175 0.9690240085901983269 0.9690239999999999965
0.1768000000000000127 0.9687417686267963957 0.9687417600000000073
0.1776000000000000079 0.9684582486633612763 0.9684582400000000257
0.178400000000000003 0.9681734486998926359 0.9681734399999999408
0.1791999999999999982 0.9678873687363902523 0.9678873599999999744
0.1800000000000000211 0.9676000087728539034 0.9676000000000000156
0.1808000000000000163 0.9673113688092835893 0.9673113599999999535
0.1816000000000000114 0.967021448845679199 0.9670214400000000099
0.1824000000000000066 0.9667302488820405104 0.9667302399999999629
0.1832000000000000017 0.9664377689183674125 0.9664377600000000346
0.1839999999999999969 0.9661440089546595722 0.9661440000000000028
0.1848000000000000198 0.9658489689909172116 0.9658489599999999786
0.185600000000000015 0.9655526490271398865 0.9655526399999999621
0.1864000000000000101 0.965255049063327375 0.9652550399999999531
0.1872000000000000053 0.964956169099479899 0.9649561599999999517
0.1880000000000000004 0.9646560091355969035 0.964655999999999958
0.1887999999999999956 0.9643545691716783885 0.9643545599999999718
0.1896000000000000185 0.964051849207724465 0.9640518399999999932
0.1904000000000000137 0.9637478492437344668 0.9637478400000000223
0.1912000000000000088 0.963442569279708505 0.9634425599999999479
0.192000000000000004 0.9631360093156465796 0.9631359999999999921
0.1927999999999999992 0.9628281693515484685 0.962828160000000044
0.1936000000000000221 0.9625190493874136166 0.9625190399999999924
0.1944000000000000172 0.962208649423242468 0.9622086399999999484
0.1952000000000000124 0.9618969694590345787 0.9618969600000000231
0.1960000000000000075 0.9615840094947896155 0.9615839999999999943
0.1968000000000000027 0.9612697695305079115 0.9612697599999999731
0.1975999999999999979 0.9609542495661884676 0.9609542399999999596
0.1984000000000000208 0.9606374496018319498 0.9606374399999999536
0.1992000000000000159 0.9603193696374381361 0.9603193599999999552
0.2000000000000000111 0.9600000096730065824 0.9599999999999999645
0.2008000000000000063 0.9596793697085371777 0.9596793599999999813
0.2016000000000000014 0.959357449744029922 0.9593574400000000058
0.2023999999999999966 0.9590342497794844823 0.9590342400000000378
0.2032000000000000195 0.9587097698149009695 0.9587097599999999664
0.2040000000000000147 0.9583840098502788285 0.9583840000000000137
0.2048000000000000098 0.9580569698856182814 0.9580569599999999575
0.205600000000000005 0.9577286499209189952 0.9577286400000000199
0.2064000000000000001 0.9573990499561807477 0.957399039999999979
0.207200000000000023 0.95706816999140365 0.9570681599999999456
0.2080000000000000182 0.956736010026587147 0.9567360000000000309
0.2088000000000000134 0.9564025700617313497 0.9564025600000000127
0.2096000000000000085 0.9560678500968362581 0.9560678400000000021
0.2104000000000000037 0.9557318501319015391 0.9557318399999999992
0.2111999999999999988 0.9553945701669269708 0.9553945600000000038
0.2120000000000000218 0.955056010201912442 0.955056000000000016
0.2128000000000000169 0.9547161702368578418 0.9547161600000000359
0.2136000000000000121 0.9543750502717631701 0.9543750399999999523
0.2144000000000000072 0.9540326503066278718 0.9540326399999999873
0.2152000000000000024 0.953688970341452058 0.95368896000000003
0.2159999999999999976 0.9533440103762358397 0.9533439999999999692
0.2168000000000000205 0.9529977704109785508 0.9529977600000000271
0.2176000000000000156 0.9526502504456801912 0.9526502399999999815
0.2184000000000000108 0.9523014504803407609 0.9523014399999999435
0.219200000000000006 0.951951370514959927 0.9519513600000000242
0.2200000000000000011 0.9516000105495379113 0.9516000000000000014
0.220800000000000024 0.9512473705840741589 0.9512473599999999863
0.2216000000000000192 0.9508934506185685587 0.9508934399999999787
0.2224000000000000143 0.9505382506530212217 0.9505382399999999787
0.2232000000000000095 0.9501817706874318148 0.9501817599999999864
0.2240000000000000047 0.949824010721799894 0.9498240000000000016
0.2247999999999999998 0.9494649707561257923 0.9494649600000000245
0.2256000000000000227 0.9491046507904089546 0.9491046399999999439
0.2264000000000000179 0.9487430508246497141 0.9487430399999999819
0.2272000000000000131 0.9483801708588475154 0.9483801600000000276
0.2280000000000000082 0.9480160108930024698 0.9480159999999999698
0.2288000000000000034 0.9476505709271141331 0.9476505600000000307
0.2295999999999999985 0.9472838509611825053 0.9472838399999999881
0.2304000000000000214 0.9469158509952075864 0.9469158399999999531
0.2312000000000000166 0.9465465710291889323 0.9465465600000000368
0.2320000000000000118 0.946176011063126543 0.946176000000000017
0.2328000000000000069 0.9458041710970203075 0.9458041600000000049
0.2336000000000000021 0.9454310511308698928 0.9454310400000000003
0.234400000000000025 0.9450566511646751877 0.9450566400000000034
0.2352000000000000202 0.9446809711984363034 0.944680960000000014
0.2360000000000000153 0.9443040112321530177 0.9443040000000000322
0.2368000000000000105 0.9439257712658246646 0.9439257599999999471
0.2376000000000000056 0.9435462512994516882 0.9435462399999999805
0.2384000000000000008 0.9431654513330337553 0.9431654400000000216
0.2392000000000000237 0.9427833713665707549 0.9427833599999999592
0.2400000000000000189 0.942400011400062354 0.9424000000000000155
0.240800000000000014 0.9420153714335086637 0.9420153599999999683
0.2416000000000000092 0.9416294514669091287 0.9416294400000000397
0.2424000000000000044 0.9412422515002643042 0.9412422400000000078
0.2431999999999999995 0.940853771533573302 0.9408537599999999834
0.2440000000000000224 0.9404640115668363443 0.9404639999999999667
0.2448000000000000176 0.9400729716000532088 0.9400729599999999575
0.2456000000000000127 0.9396806516332237846 0.9396806399999999559
0.2464000000000000079 0.9392870516663478497 0.939287039999999962
0.2472000000000000031 0.938892171699424849 0.9388921599999999756
0.2479999999999999982 0.9384960117324555595 0.9384959999999999969
0.2488000000000000211 0.9380985717654387601 0.9380985600000000257
0.2496000000000000163 0.93769985179837545 0.9376998399999999512
0.2504000000000000115 0.9372998518312645189 0.9372998399999999952
0.2512000000000000344 0.9368985718641060778 0.9368985599999999359
0.2520000000000000018 0.9364960118969004599 0.9364959999999999951
0.2528000000000000247 0.9360921719296466659 0.9360921599999999509
0.2535999999999999921 0.9356870519623452509 0.9356870400000000254
0.254400000000000015 0.9352806519949958819 0.9352806399999999964
0.2552000000000000379 0.9348729720275980037 0.9348729599999999751
0.2560000000000000053 0.9344640120601519495 0.9344639999999999613
0.2568000000000000282 0.9340537720926574972 0.9340537599999999552
0.2575999999999999956 0.9336422521251140916 0.9336422399999999566
0.2584000000000000186 0.9332294521575221768 0.9332294399999999657
0.259199999999999986 0.9328153721898811979 0.9328153599999999823
0.2600000000000000089 0.9324000122221911546 0.9324000000000000066
0.2608000000000000318 0.9319833722544518251 0.9319833600000000384
0.2615999999999999992 0.9315654522866630982 0.9315654399999999669
0.2624000000000000221 0.931146252318824863 0.9311462400000000139
0.2631999999999999895 0.9307257723509367864 0.9307257599999999576
0.2640000000000000124 0.9303040123829988683 0.9303040000000000198
0.2648000000000000353 0.9298809724150108869 0.9298809599999999786
0.2656000000000000028 0.9294566524469727309 0.9294566399999999451
0.2664000000000000257 0.9290310524788842894 0.9290310400000000302
0.2671999999999999931 0.9286041725107452294 0.9286041600000000118
0.268000000000000016 0.9281760125425555508 0.928176000000000001
0.2688000000000000389 0.9277465725743152536 0.9277465599999999979
0.2696000000000000063 0.9273158526060235607 0.9273158400000000023
0.2704000000000000292 0.9268838526376811382 0.9268838400000000144
0.2711999999999999966 0.926450572669287653 0.926450560000000034
0.2720000000000000195 0.9260160127008424391 0.9260159999999999503
0.2727999999999999869 0.9255801727323456074 0.9255801599999999851
0.2736000000000000099 0.9251430527637972689 0.9251430400000000276
0.2744000000000000328 0.9247046527951968686 0.9247046399999999666
0.2752000000000000002 0.9242649728265445175 0.9242649600000000243
0.2760000000000000231 0.9238240128578397714 0.9238239999999999785
0.2767999999999999905 0.9233817728890829635 0.9233817600000000514
0.2776000000000000134 0.9229382529202733165 0.9229382400000000208
0.2784000000000000363 0.9224934529514114967 0.9224934399999999979
0.2792000000000000037 0.9220473729824966158 0.9220473599999999825
0.2800000000000000266 0.9216000130135287849 0.9215999999999999748
0.280799999999999994 0.9211513730445080039 0.9211513599999999746
0.281600000000000017 0.9207014530754337178 0.9207014399999999821
0.2824000000000000399 0.9202502531063060376 0.9202502399999999971
0.2832000000000000073 0.9197977731371249632 0.9197977600000000198
0.2840000000000000302 0.9193440131678899396 0.919343999999999939
0.2847999999999999976 0.9188889731986014109 0.9188889599999999769
0.2856000000000000205 0.9184326532292583778 0.9184326400000000223
0.2863999999999999879 0.9179750532598615065 0.9179750399999999644
0.2872000000000000108 0.9175161732904101308 0.917516160000000025
0.2880000000000000338 0.9170560133209044729 0.9170559999999999823
0.2888000000000000012 0.9165945733513439775 0.9165945600000000582
0.2896000000000000241 0.9161318533817288667 0.9161318400000000306
0.2903999999999999915 0.9156678534120588075 0.9156678400000000106
0.2912000000000000144 0.9152025734423334669 0.9152025599999999983
0.2920000000000000373 0.9147360134725527336 0.9147359999999999935
0.2928000000000000047 0.9142681735027168299 0.9142681599999999964
0.2936000000000000276 0.9137990535328250896 0.9137990400000000069
0.294399999999999995 0.9133286535628779568 0.9133286400000000249
0.2952000000000000179 0.9128569735928747653 0.9128569600000000506
0.2960000000000000409 0.9123840136228154041 0.9123839999999999728
0.2968000000000000083 0.9119097736527002063 0.9119097600000000137
0.2976000000000000312 0.9114342536825286167 0.9114342399999999511
0.2983999999999999986 0.9109574537123004134 0.9109574400000000072
0.2992000000000000215 0.9104793737420155963 0.9104793599999999598
0.2999999999999999889 0.9100000137716737214 0.9100000000000000311
0.3008000000000000118 0.9095193738012750106 0.9095193599999999989
0.3016000000000000347 0.9090374538308194641 0.9090374399999999744
0.3024000000000000021 0.9085542538603064155 0.9085542399999999574
0.303200000000000025 0.9080697738897359761 0.9080697599999999481
0.3039999999999999925 0.9075840139191078126 0.9075839999999999463
0.3048000000000000154 0.9070969739484220362 0.9070969599999999522
0.3056000000000000383 0.9066086539776785358 0.9066086399999999657
0.3064000000000000057 0.9061190540068767563 0.9061190399999999867
0.3072000000000000286 0.9056281740360168087 0.9056281600000000154
0.307999999999999996 0.905136014065098693 0.9051359999999999406
0.3088000000000000189 0.9046425740941218541 0.9046425599999999845
0.3096000000000000418 0.904147854123086514 0.9041478400000000359
0.3104000000000000092 0.9036518541519923398 0.903651839999999984
0.3112000000000000322 0.9031545741808391092 0.9031545599999999396
0.3119999999999999996 0.9026560142096267114 0.9026560000000000139
0.3128000000000000225 0.9021561742383551463 0.9021561599999999848
0.3135999999999999899 0.9016550542670241919 0.9016550399999999632
0.3144000000000000128 0.9011526542956337371 0.9011526399999999493
0.3152000000000000357 0.9006489743241833379 0.9006489599999999429
0.3160000000000000031 0.9001440143526731053 0.9001440000000000552
0.316800000000000026 0.8996377743811028171 0.899637759999999953
0.3175999999999999934 0.8991302544094723626 0.8991302399999999695
0.3184000000000000163 0.8986214544377812974 0.8986214399999999936
0.3192000000000000393 0.8981113744660301768 0.8981113599999999142
0.3200000000000000067 0.8976000144942180015 0.8975999999999999535
0.3208000000000000296 0.8970873745223449935 0.8970873600000000003
0.321599999999999997 0.896573454550411153 0.8965734400000000548
0.3224000000000000199 0.8960582545784161468 0.8960582400000000058
0.3232000000000000428 0.8955417746063598639 0.8955417599999999645
0.3240000000000000102 0.8950240146342420822 0.8950240000000000418
0.3248000000000000331 0.8945049746620628017 0.8945049600000000156
0.3256000000000000005 0.8939846546898218005 0.8939846399999999971
0.3264000000000000234 0.8934630547175188564 0.8934630399999999861
0.3271999999999999909 0.8929401747451538585 0.8929401599999999828
0.3280000000000000138 0.8924160147727266956 0.892415999999999987
0.3288000000000000367 0.8918905748002369238 0.8918905599999999989
0.3296000000000000041 0.8913638548276849871 0.8913638400000000184
0.330400000000000027 0.8908358548550702194 0.8908358399999999344
0.3311999999999999944 0.8903065748823923986 0.8903065599999999691
0.3320000000000000173 0.8897760149096517468 0.8897760000000000113
0.3328000000000000402 0.8892441749368478199 0.8892441599999999502
0.3336000000000000076 0.8887110549639806178 0.8887110400000000077
0.3344000000000000306 0.8881766549910501407 0.8881766399999999617
0.335199999999999998 0.8876409750180560554 0.8876409600000000344
0.3360000000000000209 0.8871040150449981398 0.8871040000000000036
0.3368000000000000438 0.8865657750718762831 0.8865657599999999805
0.3376000000000000112 0.886026255098690263 0.886026239999999965
0.3384000000000000341 0.8854854551254398576 0.885485439999999957
0.3392000000000000015 0.8849433751521252889 0.8849433599999999567
0.3400000000000000244 0.8844000151787461128 0.8843999999999999639
0.3407999999999999918 0.8838553752053022183 0.8838553599999999788
0.3416000000000000147 0.8833094552317937165 0.8833094400000000013
0.3424000000000000377 0.8827622552582197191 0.8827622399999999203
0.3432000000000000051 0.8822137752845810033 0.882213759999999958
0.344000000000000028 0.8816640153108767919 0.8816640000000000033
0.3447999999999999954 0.881112975337107196 0.8811129600000000561
0.3456000000000000183 0.8805606553632716604 0.8805606400000000056
0.3464000000000000412 0.8800070553893705183 0.8800070399999999626
0.3472000000000000086 0.8794521754154036586 0.8794521600000000383
0.3480000000000000315 0.8788960154413703041 0.8788960000000000106
0.3487999999999999989 0.8783385754672708989 0.8783385599999999904
0.3496000000000000218 0.87777985549310511 0.8777798399999999779
0.3503999999999999893 0.8772198555188727154 0.8772198399999999729
0.3512000000000000122 0.8766585755445736039 0.8766585599999999756
0.3520000000000000351 0.8760960155702075536 0.8760959999999999859
0.3528000000000000025 0.8755321755957745644 0.8755321600000000037
0.3536000000000000254 0.8749670556212741923 0.8749670400000000292
0.3543999999999999928 0.8744006556467067703 0.8744006399999999513
0.3552000000000000157 0.8738329756720716324 0.8738329599999999919
0.3560000000000000386 0.8732640156973690004 0.8732640000000000402
0.356800000000000006 0.8726937757225985415 0.8726937599999999851
0.357600000000000029 0.8721222557477600335 0.8721222399999999375
0.3583999999999999964 0.8715494557728534764 0.8715494400000000086
0.3592000000000000193 0.8709753757978785371 0.8709753599999999762
0.3600000000000000422 0.8704000158228351047 0.8703999999999999515
0.3608000000000000096 0.8698233758477232902 0.8698233600000000454
0.3616000000000000325 0.8692454558725425384 0.8692454400000000359
0.3623999999999999999 0.8686662558972928494 0.8686662400000000339
0.3632000000000000228 0.8680857759219744452 0.8680857600000000396
0.3639999999999999902 0.8675040159465864376 0.8675040000000000529
0.3648000000000000131 0.8669209759711291596 0.8669209599999999627
0.3656000000000000361 0.8663366559956025004 0.8663366399999999912
0.3664000000000000035 0.8657510560200059047 0.8657510400000000272
0.3672000000000000264 0.8651641760443394835 0.8651641599999999599
0.3679999999999999938 0.864576016068603348 0.8645760000000000112
0.3688000000000000167 0.8639865760927969429 0.863986559999999959
0.3696000000000000396 0.8633958561169201573 0.8633958399999999145
0.370400000000000007 0.8628038561409729912 0.8628038399999999886
0.3712000000000000299 0.8622105761649553335 0.8622105599999999592
0.3719999999999999973 0.8616160161888667401 0.8616159999999999375
0.3728000000000000203 0.8610201762127071001 0.8610201600000000344
0.3736000000000000432 0.8604230562364764134 0.8604230399999999168
0.3744000000000000106 0.8598246562601745691 0.8598246400000000289
0.3752000000000000335 0.8592249762838012339 0.8592249599999999266
0.3760000000000000009 0.858624016307356519 0.8586240000000000538
0.3768000000000000238 0.8580217763308399803 0.8580217599999999667
0.3775999999999999912 0.8574182563542516178 0.8574182399999999982
0.3784000000000000141 0.8568134563775912094 0.8568134400000000372
0.379200000000000037 0.8562073764008586441 0.8562073599999999729
0.3800000000000000044 0.8556000164240535888 0.8556000000000000272
0.3808000000000000274 0.8549913764471762656 0.854991359999999978
0.3815999999999999948 0.8543814564702261194 0.8543814400000000475
0.3824000000000000177 0.8537702564932032612 0.8537702400000000136
0.3832000000000000406 0.8531577765161075799 0.8531577599999999872
0.384000000000000008 0.8525440165389386316 0.8525439999999999685
0.3848000000000000309 0.851928976561696194 0.8519289599999999574
0.3855999999999999983 0.8513126565843807114 0.8513126399999999538
0.3864000000000000212 0.8506950566069915176 0.8506950399999999579
0.3872000000000000441 0.8500761766295283905 0.8500761599999999696
0.3880000000000000115 0.8494560166519915523 0.8494559999999999889
0.3888000000000000345 0.8488345766743805587 0.8488345600000000157
0.3896000000000000019 0.8482118566966954099 0.8482118400000000502
0.3904000000000000248 0.8475878567189358836 0.8475878399999999813
0.3911999999999999922 0.8469625767411018691 0.8469625600000000309
0.3920000000000000151 0.8463360167631930331 0.8463359999999999772
0.392800000000000038 0.8457081767852095977 0.8457081599999999311
0.3936000000000000054 0.8450790568071508968 0.8450790400000000036
0.3944000000000000283 0.8444486568290170414 0.8444486399999999726
0.3951999999999999957 0.8438169768508080315 0.8438169600000000603
0.3960000000000000187 0.843184016872523534 0.8431839999999999336
0.3968000000000000416 0.842549776894163216 0.8425497599999999254
0.397600000000000009 0.8419142569157274103 0.8419142399999999249
0.3984000000000000319 0.8412774569372154509 0.841277440000000043
0.3991999999999999993 0.8406393769586275599 0.8406393599999999466
0.4000000000000000222 0.8400000169799635152 0.8399999999999999689
0.4008000000000000451 0.8393593770012227617 0.8393593599999999988
0.4016000000000000125 0.8387174570224054104 0.8387174399999999252
0.4024000000000000354 0.8380742570435116834 0.8380742399999999703
0.4032000000000000028 0.8374297770645406924 0.837429760000000023
0.4040000000000000258 0.8367840170854927706 0.8367839999999999723
0.4047999999999999932 0.8361369771063678069 0.8361369600000000402
0.4056000000000000161 0.8354886571271653573 0.8354886400000000046
0.406400000000000039 0.8348390571478850886 0.8348390399999999767
0.4072000000000000064 0.834188177168527667 0.8341881599999999564
0.4080000000000000293 0.8335360171890922043 0.8335359999999999436
0.4087999999999999967 0.8328825772095787006 0.8328825600000000495
0.4096000000000000196 0.8322278572299872668 0.832227840000000052
0.4104000000000000425 0.8315718572503173478 0.8315718399999999511
0.4112000000000000099 0.8309145772705689437 0.8309145599999999687
0.4120000000000000329 0.8302560172907420544 0.830255999999999994
0.4128000000000000003 0.8295961773108364579 0.8295961600000000269
0.4136000000000000232 0.8289350573308517101 0.8289350399999999564
0.4144000000000000461 0.828272657350788144 0.8282726400000000044
0.4152000000000000135 0.8276089773706450936 0.8276089599999999491
0.4160000000000000364 0.8269440173904228919 0.8269439999999999014
0.4168000000000000038 0.8262777774101208728 0.8262777599999999723
0.4176000000000000267 0.8256102574297392582 0.8256102399999999397
0.4183999999999999941 0.8249414574492777152 0.8249414400000000258
0.4192000000000000171 0.8242713774687363548 0.8242713600000000085
0.42000000000000004 0.8236000174881146219 0.8235999999999999988
0.4208000000000000074 0.8229273775074125163 0.8229273599999999966
0.4216000000000000303 0.8222534575266301493 0.8222534400000000021
0.4223999999999999977 0.8215782575457669656 0.8215782400000000152
0.4232000000000000206 0.8209017775648227433 0.8209017599999999248
0.4240000000000000435 0.8202240175837978153 0.8202239999999999531
0.4248000000000000109 0.8195449776026917377 0.819544959999999989
0.4256000000000000338 0.8188646576215042883 0.8188646399999999215
0.4264000000000000012 0.8181830576402354671 0.8181830399999999726
0.4272000000000000242 0.8175001776588851632 0.8175001600000000312
0.4280000000000000471 0.8168160176774529324 0.8168159999999999865
0.4288000000000000145 0.8161305776959387748 0.8161305599999999494
0.4296000000000000374 0.8154438577143425793 0.8154438399999999199
0.4304000000000000048 0.8147558577326643459 0.8147558400000000089
0.4312000000000000277 0.8140665777509034085 0.8140665599999999946
0.4319999999999999951 0.8133760177690601001 0.8133759999999999879
0.432800000000000018 0.8126841777871340877 0.8126841599999999888
0.4336000000000000409 0.8119910578051250383 0.8119910399999999973
0.4344000000000000083 0.8112966578230331738 0.8112966400000000133
0.4352000000000000313 0.8106009778408580502 0.810600959999999926
0.4359999999999999987 0.8099040178585995564 0.8099039999999999573
0.4368000000000000216 0.8092057778762576925 0.8092057599999999962
0.4376000000000000445 0.8085062578938321254 0.8085062399999999316
0.4384000000000000119 0.8078054579113222999 0.8078054399999999857
0.4392000000000000348 0.8071033779287286603 0.8071033599999999364
0.4400000000000000022 0.8064000179460513174 0.8064000000000000057
0.4408000000000000251 0.805695377963289161 0.8056953599999999716
0.4416000000000000481 0.8049894579804429684 0.804989439999999945
0.4424000000000000155 0.8042822579975119623 0.8042822400000000371
0.4432000000000000384 0.8035737780144959208 0.8035737599999999148
0.4440000000000000058 0.8028640180313951769 0.8028640000000000221
0.4448000000000000287 0.8021529780482095084 0.8021529599999999149
0.4455999999999999961 0.8014406580649383605 0.8014406400000000374
0.446400000000000019 0.800727058081582177 0.8007270399999999455
0.4472000000000000419 0.8000121780981401809 0.8000121599999999722
0.4480000000000000093 0.7992960181146123722 0.7992960000000000065
0.4488000000000000322 0.7985785781309988618 0.7985785599999999373
0.4495999999999999996 0.7978598581472992057 0.7978598399999999868
0.4504000000000000226 0.797139858163513626 0.7971398400000000439
0.4512000000000000455 0.7964185781796413455 0.7964185599999999976
0.4520000000000000129 0.7956960181956826972 0.7956959999999999589
0.4528000000000000358 0.7949721782116374591 0.7949721599999999277
0.4536000000000000032 0.7942470582275054092 0.7942470400000000152
0.4544000000000000261 0.7935206582432861033 0.7935206399999999993
0.455200000000000049 0.7927929782589797636 0.792792959999999991
0.4560000000000000164 0.792064018274586279 0.7920639999999999903
0.4568000000000000393 0.7913337782901049833 0.7913337599999999972
0.4576000000000000068 0.7906022583055365427 0.7906022400000000117
0.4584000000000000297 0.789869458320880069 0.7898694399999999227
0.4591999999999999971 0.7891353783361354512 0.7891353599999999524
0.46000000000000002 0.7884000183513031335 0.7883999999999999897
0.4608000000000000429 0.7876633783663824495 0.7876633599999999236
0.4616000000000000103 0.7869254583813733994 0.7869254399999999761
0.4624000000000000332 0.7861862583962755391 0.7861862399999999251
0.4632000000000000006 0.7854457784110888685 0.7854457599999999928
0.4640000000000000235 0.7847040184258134987 0.7847039999999999571
0.4648000000000000465 0.7839609784404490966 0.783960959999999929
0.4656000000000000139 0.7832166584549953292 0.7832166400000000195
0.4664000000000000368 0.7824710584694523074 0.7824710400000000066
0.4672000000000000042 0.7817241784838199203 0.7817241600000000012
0.4680000000000000271 0.7809760184980976128 0.7809760000000000035
0.46880000000000005 0.7802265785122854957 0.7802265600000000134
0.4696000000000000174 0.7794758585263834583 0.7794758399999999199
0.4704000000000000403 0.7787238585403910562 0.778723839999999945
0.4712000000000000077 0.7779705785543085117 0.7779705599999999777
0.4720000000000000306 0.7772160185681356026 0.7772159999999999069
0.472799999999999998 0.7764601785818718849 0.7764601600000000658
0.473600000000000021 0.7757030585955172475 0.7757030400000000103
0.4744000000000000439 0.7749446586090716904 0.7749446399999999624
0.4752000000000000113 0.7741849786225352137 0.7741849599999999221
0.4760000000000000342 0.7734240186359073732 0.7734240000000000004
0.4768000000000000016 0.7726617786491878359 0.7726617599999999753
0.4776000000000000245 0.7718982586623769349 0.7718982399999999577
0.4784000000000000474 0.771133458675474226 0.7711334399999999478
0.4792000000000000148 0.7703673786884795982 0.7703673599999999455
0.4800000000000000377 0.7696000187013929406 0.7695999999999999508
0.4808000000000000052 0.768831378714214031 0.7688313599999999637
0.4816000000000000281 0.7680614587269425364 0.7680614399999999842
0.4823999999999999955 0.7672902587395786789 0.7672902400000000123
0.4832000000000000184 0.7665177787521221253 0.7665177599999999369
0.4840000000000000413 0.7657440187645725427 0.7657439999999999802
0.4848000000000000087 0.764968978776930042 0.7649689600000000311
0.4856000000000000316 0.7641926587891942901 0.7641926399999999786
0.486399999999999999 0.7634150588013650651 0.7634150399999999337
0.4872000000000000219 0.7626361788134423669 0.7626361600000000074
0.4880000000000000449 0.7618560188254261956 0.7618559999999999777
0.4888000000000000123 0.7610745788373158849 0.7610745599999999556
0.4896000000000000352 0.7602918588491116569 0.760291839999999941
0.4904000000000000026 0.7595078588608131787 0.7595078399999999341
0.4912000000000000255 0.7587225788724205611 0.7587225599999999348
0.4920000000000000484 0.7579360188839334711 0.7579359999999999431
0.4928000000000000158 0.7571481788953515757 0.757148159999999959
0.4936000000000000387 0.7563590589066752079 0.7563590399999999825
0.4944000000000000061 0.7555686589179035906 0.7555686400000000136
0.495200000000000029 0.7547769789290370568 0.7547769599999999413
0.4959999999999999964 0.7539840189400748294 0.7539839999999999876
0.4968000000000000194 0.7531897789510175745 0.7531897599999999304
0.4976000000000000423 0.7523942589618645149 0.7523942399999999919
0.4984000000000000097 0.7515974589726159838 0.75159743999999995
0.4992000000000000326 0.7507993789832712039 0.7507993600000000267
0.5 0.7500000189938302864 0.75
0.5008000000000000229 0.7491993790042933421 0.7491993599999999809
0.5016000000000000458 0.748397459014659816 0.7483974399999999694
0.5024000000000000687 0.7475942590249298192 0.7475942399999999655
0.5031999999999999806 0.7467897790351032405 0.7467897599999999692
0.5040000000000000036 0.7459840190451798581 0.7459839999999999804
0.5048000000000000265 0.7451769790551590056 0.7451769599999999993
0.5056000000000000494 0.7443686590650413493 0.7443686400000000258
0.5064000000000000723 0.7435590590748260009 0.7435590399999999489
0.5071999999999999842 0.7427481790845131826 0.7427481599999999906
0.5080000000000000071 0.7419360190941027833 0.7419359999999999289
0.50880000000000003 0.7411225791035944699 0.7411225599999999858
0.5096000000000000529 0.7403078591129880204 0.7403078399999999393
0.5104000000000000759 0.7394918591222834348 0.7394918399999999004
0.5111999999999999877 0.738674579131480824 0.7386745599999999801
0.5120000000000000107 0.7378560191405794111 0.7378560000000000674
0.5128000000000000336 0.73703617914957964 0.7370361599999999402
0.5136000000000000565 0.7362150591584808446 0.7362150399999999317
0.5144000000000000794 0.7353926591672831359 0.7353926399999999308
0.5151999999999999913 0.7345689791759861809 0.7345689600000000485
0.5160000000000000142 0.7337440191845903126 0.7337439999999999518
0.5168000000000000371 0.7329177791930945318 0.7329177599999999737
0.51760000000000006 0.7320902592014995047 0.7320902400000000032
0.5183999999999999719 0.7312614592098043431 0.7312614400000000403
0.5191999999999999948 0.7304313792180094911 0.730431360000000085
0.5200000000000000178 0.7296000192261145045 0.7296000000000000263
0.5208000000000000407 0.7287673792341191614 0.7287673599999999752
0.5216000000000000636 0.7279334592420234618 0.7279334399999999317
0.5223999999999999755 0.7270982592498271835 0.7270982400000000068
0.5231999999999999984 0.7262617792575301046 0.7262617599999999785
0.5240000000000000213 0.725424019265132225 0.7254239999999999577
0.5248000000000000442 0.7245849792726331007 0.7245849599999999446
0.5256000000000000671 0.7237446592800327316 0.7237446399999999391
0.526399999999999979 0.7229030592873311178 0.7229030400000000522
0.527200000000000002 0.7220601792945279263 0.7220601600000000619
0.5280000000000000249 0.7212160193016229348 0.7212159999999999682
0.5288000000000000478 0.7203705793086161435 0.7203705599999998821
0.5296000000000000707 0.7195238593155072193 0.7195238399999999146
0.5303999999999999826 0.7186758593222961622 0.7186758399999999547
0.5312000000000000055 0.7178265793289827501 0.7178265600000000024
0.5320000000000000284 0.716976019335566872 0.7169759999999999467
0.5328000000000000513 0.7161241793420483059 0.7161241599999998986
0.5336000000000000743 0.7152710593484268298 0.7152710399999999691
0.5343999999999999861 0.7144166593547022215 0.7144166400000000472
0.5352000000000000091 0.7135609793608745921 0.7135609599999999109
0.536000000000000032 0.7127040193669436086 0.7127040000000000042
0.5368000000000000549 0.7118457793729092709 0.711845759999999883
0.5376000000000000778 0.7109862593787711349 0.7109862399999999916
0.5383999999999999897 0.7101254593845292007 0.7101254399999999967
0.5392000000000000126 0.7092633793901832462 0.7092633600000000094
0.5400000000000000355 0.7084000193957331604 0.7083999999999999186
0.5408000000000000584 0.7075353794011787212 0.7075353599999999465
0.5416000000000000814 0.7066694594065199286 0.706669439999999982
0.5423999999999999932 0.7058022594117564497 0.7058022400000000252
0.5432000000000000162 0.7049337794168881732 0.7049337599999999648
0.5440000000000000391 0.7040640194219146553 0.7040640000000000231
0.544800000000000062 0.7031929794268362288 0.703192959999999978
0.5455999999999999739 0.7023206594316528939 0.7023206400000000516
0.5463999999999999968 0.7014470594363635403 0.7014470400000000216
0.5472000000000000197 0.7005721794409688341 0.7005721599999999993
0.5480000000000000426 0.6996960194454684423 0.6996959999999998736
0.5488000000000000655 0.6988185794498619208 0.6988185599999998665
0.5495999999999999774 0.6979398594541494916 0.697939840000000089
0.5504000000000000004 0.6970598594583305996 0.6970598399999999861
0.5512000000000000233 0.6961785794624055779 0.6961785600000000018
0.5520000000000000462 0.6952960194663739824 0.6952959999999999141
0.5528000000000000691 0.6944121794702353689 0.694412159999999945
0.553599999999999981 0.6935270594739899597 0.6935270399999999835
0.5544000000000000039 0.6926406594776374215 0.6926406400000000296
0.5552000000000000268 0.6917529794811776434 0.6917529599999999723
0.5560000000000000497 0.6908640194846106253 0.6908639999999999226
0.5568000000000000727 0.6899737794879362562 0.6899737599999999915
0.5575999999999999845 0.6890822594911538701 0.689082240000000068
0.5584000000000000075 0.6881894594942636889 0.6881894399999999301
0.5592000000000000304 0.6872953794972656016 0.6872953600000000218
0.5600000000000000533 0.6864000195001591642 0.6863999999999998991
0.5608000000000000762 0.6855033795029444876 0.685503359999999895
0.5615999999999999881 0.6846054595056210168 0.6846054400000000095
0.562400000000000011 0.6837062595081890848 0.6837062400000000206
0.5632000000000000339 0.6828057795106481365 0.6828057599999999283
0.5640000000000000568 0.6819040195129983939 0.6819039999999999546
0.5648000000000000798 0.6810009795152391909 0.6810009599999999885
0.5655999999999999917 0.6800966595173708606 0.68009664000000003
0.5664000000000000146 0.6791910595193928479 0.6791910399999999681
0.5672000000000000375 0.6782841795213052638 0.6782841600000000248
0.5680000000000000604 0.6773760195231079972 0.6773759999999999781
0.5687999999999999723 0.6764665795248006042 0.67646656000000005
0.5695999999999999952 0.6755558595263830846 0.6755558400000000185
0.5704000000000000181 0.6746438595278549943 0.6746438399999999946
0.571200000000000041 0.6737305795292165556 0.6737305599999999783
0.5720000000000000639 0.6728160195304673241 0.6728159999999998586
0.5727999999999999758 0.6719001795316075221 0.6719001600000000796
0.5735999999999999988 0.6709830595326369274 0.670983039999999975
0.5744000000000000217 0.6700646595335548739 0.6700646399999999892
0.5752000000000000446 0.6691449795343615836 0.6691449599999998998
0.5760000000000000675 0.6682240195350568346 0.6682239999999999291
0.5767999999999999794 0.6673017795356404047 0.6673017599999999661
0.5776000000000000023 0.666378259536112294 0.6663782400000000106
0.5784000000000000252 0.6654534595364721694 0.6654534399999999517
0.5792000000000000481 0.6645273795367198089 0.6645273599999999004
0.5800000000000000711 0.6636000195368552124 0.6635999999999999677
0.5807999999999999829 0.6626713795368783799 0.6626713600000000426
0.5816000000000000059 0.6617414595367887564 0.6617414400000000141
0.5824000000000000288 0.6608102595365865639 0.6608102399999999932
0.5832000000000000517 0.6598777795362711363 0.6598777599999998689
0.5840000000000000746 0.6589440195358426955 0.6589439999999999742
0.5847999999999999865 0.6580089795353007975 0.6580089600000000871
0.5856000000000000094 0.6570726595346455534 0.6570726399999999856
0.5864000000000000323 0.6561350595338768521 0.6561350399999998917
0.5872000000000000552 0.6551961795329943605 0.6551961599999999164
0.5880000000000000782 0.6542560195319979677 0.6542559999999999487
0.5887999999999999901 0.6533145795308874515 0.6533145599999999886
0.589600000000000013 0.6523718595296625899 0.6523718400000000361
0.5904000000000000359 0.6514278595283234941 0.6514278399999999802
0.5912000000000000588 0.6504825795268699418 0.6504825599999999319
0.5920000000000000817 0.6495360195253011559 0.6495359999999998912
0.5927999999999999936 0.6485881795236176917 0.6485881600000000802
0.5936000000000000165 0.6476390595218192159 0.6476390400000000547
0.5944000000000000394 0.6466886595199055066 0.6466886399999999258
0.5952000000000000624 0.6457369795178761196 0.6457369599999999155
0.5959999999999999742 0.644784019515731277 0.6447840000000000238
0.5967999999999999972 0.6438297795134709789 0.6438297600000000287
0.5976000000000000201 0.642874259511094448 0.6428742400000000412
0.598400000000000043 0.6419174595086021284 0.6419174399999999503
0.5992000000000000659 0.6409593795059935761 0.640959359999999867
0.5999999999999999778 0.6400000195032686801 0.6400000000000000133
0.6008000000000000007 0.6390393795004272182 0.6390393599999999452
0.6016000000000000236 0.6380774594974687464 0.6380774399999999957
0.6024000000000000465 0.6371142594943934867 0.6371142399999999428
0.6032000000000000695 0.6361497794912014392 0.6361497599999998975
0.6039999999999999813 0.6351840194878917156 0.6351839999999999709
0.6048000000000000043 0.6342169794844649822 0.6342169600000000518
0.6056000000000000272 0.6332486594809205727 0.6332486399999999183
0.6064000000000000501 0.6322790594772584871 0.6322790400000000144
0.607200000000000073 0.6313081794734785035 0.6313081599999998961
0.6079999999999999849 0.6303360194695803997 0.6303360000000000074
0.6088000000000000078 0.6293625794655642869 0.6293625600000000153
0.6096000000000000307 0.6283878594614298319 0.6283878400000000308
0.6104000000000000536 0.6274118594571767016 0.6274118399999999429
0.6112000000000000766 0.626434579452804563 0.6264345599999998626
0.6119999999999999885 0.6254560194483140823 0.625456000000000012
0.6128000000000000114 0.6244761794437041491 0.6244761599999999468
0.6136000000000000343 0.6234950594389754297 0.6234950399999998893
0.6144000000000000572 0.6225126594341271469 0.6225126399999999505
0.6152000000000000801 0.6215289794291594117 0.6215289599999999082
0.615999999999999992 0.620544019424071891 0.6205439999999999845
0.6168000000000000149 0.6195577794188646958 0.6195577599999999574
0.6176000000000000378 0.6185702594135373822 0.6185702399999999379
0.6184000000000000608 0.617581459408089728 0.617581439999999926
0.6192000000000000837 0.6165913794025217332 0.6165913599999999217
0.6199999999999999956 0.6156000193968332868 0.615599999999999925
0.6208000000000000185 0.6146073793910242777 0.614607359999999936
0.6216000000000000414 0.613613459385094373 0.6136134399999999545
0.6224000000000000643 0.6126182593790434616 0.6126182399999999806
0.6231999999999999762 0.6116217793728713215 0.6116217600000000143
0.6239999999999999991 0.6106240193665779525 0.6106240000000000556
0.624800000000000022 0.6096249793601630218 0.6096249599999999935
0.6256000000000000449 0.6086246593536261962 0.608624639999999939
0.6264000000000000679 0.6076230593469675867 0.6076230399999998921
0.6271999999999999797 0.6066201793401870823 0.6066201600000000749
0.6280000000000000027 0.605616019333284239 0.6056159999999999322
0.6288000000000000256 0.6046105793262591677 0.6046105600000000191
0.6296000000000000485 0.6036038593191117574 0.6036038399999998916
0.6304000000000000714 0.602595859311841453 0.6025958399999998827
0.6311999999999999833 0.6015865793044481435 0.6015865600000001034
0.6320000000000000062 0.600576019296932162 0.6005759999999999987
0.6328000000000000291 0.5995641792892929534 0.5995641599999999016
0.633600000000000052 0.5985510592815302955 0.5985510399999999231
0.634400000000000075 0.5975366592736441884 0.5975366399999999523
0.6351999999999999869 0.5965209792656341881 0.596520959999999989
0.6360000000000000098 0.5955040192575006275 0.5955040000000000333
0.6368000000000000327 0.5944857792492427295 0.5944857599999999742
0.6376000000000000556 0.5934662592408609383 0.5934662399999999227
0.6384000000000000785 0.5924454592323546986 0.5924454399999998788
0.6391999999999999904 0.5914233792237241216 0.5914233600000000646
0.6400000000000000133 0.5904000192149685411 0.5904000000000000359
0.6408000000000000362 0.5893753792060885122 0.5893753600000000148
0.6416000000000000592 0.5883494591970833687 0.5883494400000000013
0.6424000000000000821 0.5873222591879529997 0.5873222399999998844
0.643199999999999994 0.5862937791786972941 0.5862937599999999971
0.6440000000000000169 0.5852640191693160299 0.5852640000000000065
0.6448000000000000398 0.5842329791598094291 0.5842329600000000234
0.6456000000000000627 0.5832006591501767145 0.5832006399999999369
0.6464000000000000856 0.5821670591404178863 0.582167039999999858
0.6471999999999999975 0.5811321791305329443 0.5811321600000000087
0.6480000000000000204 0.5800960191205217775 0.580095999999999945
0.6488000000000000433 0.5790585791103839419 0.5790585599999999999
0.6496000000000000663 0.5780198591001195485 0.5780198399999998404
0.6503999999999999782 0.5769798590897281532 0.5769798400000000216
0.6512000000000000011 0.575938579079209978 0.5759385599999999883
0.652000000000000024 0.5748960190685644678 0.5748959999999999626
0.6528000000000000469 0.5738521790577916226 0.5738521599999999445
0.6536000000000000698 0.5728070590468914425 0.572807039999999934
0.6543999999999999817 0.5717606590358634833 0.5717606400000000422
0.6552000000000000046 0.570712979024707856 0.5707129600000000469
0.6560000000000000275 0.5696640190134238946 0.5696639999999999482
0.6568000000000000504 0.568613779002011932 0.5686137599999998571
0.6576000000000000734 0.5675622589904715243 0.5675622399999998846
0.6583999999999999853 0.5665094589788025603 0.5665094400000000308
0.6592000000000000082 0.5654553789670049291 0.5654553599999999625
0.6600000000000000311 0.5644000189550785196 0.5644000000000000128
0.660800000000000054 0.5633433789430232208 0.5633433599999999597
0.6616000000000000769 0.5622854589308388107 0.5622854399999999142
0.6623999999999999888 0.5612262589185248451 0.5612262399999999873
0.6632000000000000117 0.5601657789060813242 0.5601657599999999571
0.6640000000000000346 0.5591040188935081368 0.5591039999999999344
0.6648000000000000576 0.5580409788808051719 0.5580409599999999193
0.6656000000000000805 0.5569766588679720964 0.5569766399999999118
0.6663999999999999924 0.5559110588550089105 0.5559110400000000229
0.6672000000000000153 0.5548441788419152809 0.5548441600000000307
0.6680000000000000382 0.5537760188286910967 0.553775999999999935
0.6688000000000000611 0.5527065788153362469 0.5527065599999998469
0.669600000000000084 0.5516358588018503983 0.5516358399999998774
0.6703999999999999959 0.5505638587882337731 0.5505638400000000265
0.6712000000000000188 0.5494905787744859271 0.5494905599999999612
0.6720000000000000417 0.5484160187606066383 0.5484160000000000146
0.6728000000000000647 0.5473401787465960178 0.5473401599999998535
0.6736000000000000876 0.5462630587324533993 0.546263039999999922
0.6743999999999999995 0.545184658718179227 0.5451846399999999981
0.6752000000000000224 0.5441049787037727237 0.5441049599999999709
0.6760000000000000453 0.5430240186892341114 0.5430239999999999512
0.6768000000000000682 0.5419417786745630572 0.5419417599999998281
0.6775999999999999801 0.5408582586597593389 0.5408582400000000456
0.678400000000000003 0.5397734586448231786 0.5397734400000000488
0.6792000000000000259 0.5386873786297540212 0.5386873599999999485
0.6800000000000000488 0.5376000186145518667 0.5375999999999998558
0.6808000000000000718 0.536511378599216493 0.5365113599999998817
0.6815999999999999837 0.5354214585837477891 0.5354214400000000262
0.6824000000000000066 0.534330258568145422 0.5343302400000000674
0.6832000000000000295 0.5332377785524093916 0.5332377600000000051
0.6840000000000000524 0.5321440185365393649 0.5321439999999999504
0.6848000000000000753 0.5310489785205353419 0.5310489599999999033
0.6855999999999999872 0.5299526585043971005 0.5299526400000000859
0.6864000000000000101 0.5288550584881241967 0.528855040000000054
0.687200000000000033 0.5277561784717170745 0.5277561600000000297
0.688000000000000056 0.5266560184551750678 0.526655999999999902
0.6888000000000000789 0.5255545784384980657 0.5255545599999998929
0.6895999999999999908 0.5244518584216859569 0.5244518400000000025
0.6904000000000000137 0.5233478584047387416 0.5233478400000000086
0.6912000000000000366 0.5222425783876559757 0.5222425600000000223
0.6920000000000000595 0.5211360183704377702 0.5211359999999999326
0.6928000000000000824 0.520028178353083681 0.5200281599999998505
0.6935999999999999943 0.5189190583355937081 0.5189190399999999981
0.6944000000000000172 0.5178086583179678515 0.5178086399999999312
0.6952000000000000401 0.516696978300205445 0.5166969599999999829
0.6960000000000000631 0.5155840182823068218 0.5155839999999999312
0.696800000000000086 0.5144697782642714268 0.5144697599999998872
0.6975999999999999979 0.5133542582460991488 0.5133542399999999617
0.6984000000000000208 0.512237458227790099 0.5122374400000000438
0.6992000000000000437 0.5111193782093440552 0.5111193599999999115
0.7000000000000000666 0.5100000181907606844 0.5099999999999998979
0.7007999999999999785 0.5088793781720396536 0.5088793600000000028
0.7016000000000000014 0.5077574581531811848 0.5077574400000000043
0.7024000000000000243 0.5066342581341849449 0.5066342399999999024
0.7032000000000000473 0.505509778115050934 0.5055097599999999192
0.7040000000000000702 0.5043840180957783748 0.5043839999999999435
0.7047999999999999821 0.5032569780763677114 0.5032569600000000865
0.705600000000000005 0.5021286580568186109 0.502128640000000015
0.7064000000000000279 0.50099905803713074 0.5009990399999999511
0.7072000000000000508 0.4998681780173039879 0.4998681599999998948
0.7080000000000000737 0.4987360179973384655 0.4987359999999998461
0.7087999999999999856 0.4976025779772337287 0.4976025600000000271
0.7096000000000000085 0.4964678579569895556 0.4964678399999999936
0.7104000000000000314 0.495331857936605835 0.4953318399999999677
0.7112000000000000544 0.4941945779160826779 0.4941945599999999494
0.7120000000000000773 0.4930560178954195294 0.4930559999999999388
0.7127999999999999892 0.4919161778746165004 0.4919161600000000467
0.7136000000000000121 0.4907750578536733688 0.4907750399999999402
0.714400000000000035 0.4896326578325896905 0.4896326399999999524
0.7152000000000000579 0.4884889778113655767 0.4884889599999999721
0.7160000000000000808 0.4873440177900008052 0.4873439999999998884
0.7167999999999999927 0.486197777768495043 0.4861977600000000344
0.7176000000000000156 0.4850502577468485121 0.4850502399999999659
0.7184000000000000385 0.4839014577250606575 0.483901439999999905
0.7192000000000000615 0.482751377703131479 0.4827513599999999627
0.7200000000000000844 0.4816000176810605327 0.481599999999999917
0.7207999999999999963 0.4804473776588482625 0.48044735999999999
0.7216000000000000192 0.4792934576364938914 0.4792934399999999595
0.7224000000000000421 0.4781382576139975304 0.4781382399999999366
0.723200000000000065 0.4769817775913587354 0.4769817599999999214
0.7240000000000000879 0.4758240175685778395 0.4758239999999999137
0.7247999999999999998 0.4746649775456540654 0.4746649600000000246
0.7256000000000000227 0.4735046575225878573 0.4735046399999999212
0.7264000000000000457 0.4723430574993786601 0.4723430399999999363
0.7272000000000000686 0.4711801774760263628 0.471180159999999848
0.7279999999999999805 0.4700160174525309653 0.4700159999999999894
0.7288000000000000034 0.4688505774288921346 0.4688505600000000273
0.7296000000000000263 0.4676838574051094266 0.4676838399999999618
0.7304000000000000492 0.4665158573811830633 0.4665158399999999039
0.7312000000000000721 0.4653465773571129338 0.4653465599999998537
0.731999999999999984 0.4641760173328983718 0.464176000000000033
0.7328000000000000069 0.4630041773085399326 0.4630041599999999979
0.7336000000000000298 0.4618310572840368389 0.4618310399999999705
0.7344000000000000528 0.4606566572593890907 0.4606566399999999506
0.7352000000000000757 0.459480977234596466 0.4594809599999999383
0.7359999999999999876 0.4583040172096591869 0.4583040000000000447
0.7368000000000000105 0.4571257771845764761 0.4571257599999999366
0.7376000000000000334 0.4559462571593486668 0.4559462399999999471
0.7384000000000000563 0.4547654571339753149 0.4547654399999999653
0.7392000000000000792 0.4535833771084564203 0.45358335999999988
0.7399999999999999911 0.452400017082791539 0.4524000000000000243
0.740800000000000014 0.451215377056980671 0.4512153599999999543
0.7416000000000000369 0.4500294570310234832 0.4500294399999998918
0.7424000000000000599 0.4488422570049199756 0.4488422399999999479
0.7432000000000000828 0.4476537769786702592 0.4476537599999999006
0.7439999999999999947 0.4464640169522736679 0.446463999999999972
0.7448000000000000176 0.4452729769257300907 0.4452729599999999399
0.7456000000000000405 0.4440806568990397496 0.4440806399999999154
0.7464000000000000634 0.4428870568722022005 0.4428870399999998986
0.7472000000000000863 0.4416921768452171104 0.4416921599999998893
0.7479999999999999982 0.4404960168180847013 0.4404959999999999987
0.7488000000000000211 0.4392985767908045291 0.4392985600000000046
0.7496000000000000441 0.4380998567633763718 0.4380998399999999071
0.750400000000000067 0.4368998567358001184 0.4368998399999999283
0.7512000000000000899 0.4356985767080755467 0.435698559999999846
0.7520000000000000018 0.4344960166802027679 0.4344959999999999933
0.7528000000000000247 0.4332921766521813378 0.4332921599999999263
0.7536000000000000476 0.4320870566240111454 0.4320870399999999778
0.7544000000000000705 0.4308806565956918577 0.4308806399999999259
0.7551999999999999824 0.4296729765672235857 0.4296729599999999927
0.7560000000000000053 0.4284640165386062183 0.428463999999999956
0.7568000000000000282 0.4272537765098393114 0.4272537599999999269
0.7576000000000000512 0.4260422564809226431 0.4260422399999999055
0.7584000000000000741 0.4248294564518563243 0.4248294399999998916
0.759199999999999986 0.423615376422639911 0.4236153599999999964
0.7600000000000000089 0.4224000163932734031 0.4223999999999999977
0.7608000000000000318 0.4211833763637566896 0.4211833600000000066
0.7616000000000000547 0.4199654563340896596 0.4199654399999999121
0.7624000000000000776 0.4187462563042718688 0.4187462399999999363
0.7631999999999999895 0.4175257762743030954 0.417525759999999968
0.7640000000000000124 0.4163040162441834502 0.4163040000000000074
0.7648000000000000353 0.4150809762139124892 0.4150809599999999433
0.7656000000000000583 0.4138566561834902124 0.4138566399999998868
0.7664000000000000812 0.4126310561529165089 0.412631039999999838
0.7671999999999999931 0.4114041761221911564 0.4114041600000000187
0.768000000000000016 0.410176016091313711 0.4101759999999999851
0.7688000000000000389 0.4089465760602843947 0.408946559999999959
0.7696000000000000618 0.4077158560291027634 0.4077158399999999405
0.7704000000000000847 0.406483855997768595 0.4064838399999998186
0.7711999999999999966 0.4052505759662817786 0.4052505600000000374
0.7720000000000000195 0.4040160159346425361 0.4040159999999999307
0.7728000000000000425 0.4027801759028502016 0.4027801599999999427
0.7736000000000000654 0.4015430558709048858 0.4015430399999998512
0.7744000000000000883 0.4003046558388062559 0.4003046399999998783
0.7752000000000000002 0.3990649758065542008 0.3990649600000000241
0.7760000000000000231 0.3978240157741483873 0.3978239999999999554
0.776800000000000046 0.3965817757415889266 0.3965817599999998944
0.7776000000000000689 0.3953382557088754856 0.3953382399999998409
0.7784000000000000918 0.3940934556760079532 0.394093439999999906
0.7792000000000000037 0.3928473756429861075 0.3928473599999999788
0.7800000000000000266 0.3916000156098097262 0.3915999999999999481
0.7808000000000000496 0.3903513755764786985 0.3903513599999999251
0.7816000000000000725 0.3891014555429929134 0.3891014399999999096
0.7823999999999999844 0.3878502555093522597 0.3878502400000000128
0.7832000000000000073 0.3865977754755561824 0.3865977600000000125
0.7840000000000000302 0.3853440154416049035 0.3853439999999999088
0.7848000000000000531 0.3840889754074978679 0.3840889599999999238
0.785600000000000076 0.3828326553732352977 0.3828326399999998353
0.7863999999999999879 0.3815750553388167488 0.3815750399999999765
0.7872000000000000108 0.3803161753042423321 0.3803161600000000142
0.7880000000000000338 0.3790560152695113816 0.3790559999999999485
0.7888000000000000567 0.3777945752346243413 0.3777945599999998905
0.7896000000000000796 0.3765318551995804341 0.37653183999999984
0.7903999999999999915 0.3752678551643801041 0.3752678400000000192
0.7912000000000000144 0.3740025751290225742 0.3740025599999999839
0.7920000000000000373 0.3727360150935080663 0.3727359999999999562
0.7928000000000000602 0.3714681750578363584 0.3714681599999999362
0.7936000000000000831 0.3701990550220071174 0.3701990399999998127
0.794399999999999995 0.3689286549860202324 0.3689286400000000299
0.7952000000000000179 0.3676569749498758144 0.3676569599999999216
0.7960000000000000409 0.3663840149135729751 0.366383999999999932
0.7968000000000000638 0.3651097748771121587 0.3651097599999999499
0.7976000000000000867 0.3638342548404930321 0.3638342399999998644
0.7983999999999999986 0.3625574548037154843 0.3625574400000000086
0.7992000000000000215 0.3612793747667789601 0.3612793599999999383
0.8000000000000000444 0.3600000147296840147 0.3599999999999998757
0.8008000000000000673 0.3587193746924297599 0.3587193599999999316
0.8016000000000000902 0.3574374546550164178 0.3574374399999998841
0.8024000000000000021 0.3561542546174438773 0.3561542399999999553
0.803200000000000025 0.3548697745797115832 0.354869759999999923
0.804000000000000048 0.3535840145418194247 0.3535839999999998984
0.8048000000000000709 0.3522969745037674016 0.3522969599999998813
0.8056000000000000938 0.3510086544655554031 0.3510086399999998719
0.8064000000000000057 0.3497190544271829848 0.349719039999999981
0.8072000000000000286 0.348428174388650258 0.3484281599999999868
0.8080000000000000515 0.3471360143499568895 0.3471359999999998891
0.8088000000000000744 0.3458425743111026573 0.34584255999999991
0.8095999999999999863 0.3445478542720873394 0.3445478400000000496
0.8104000000000000092 0.3432518542329111577 0.3432518399999999748
0.8112000000000000322 0.3419545741935735572 0.3419545599999999075
0.8120000000000000551 0.3406560141540745379 0.3406559999999999588
0.812800000000000078 0.3393561741144135446 0.3393561599999999068
0.8135999999999999899 0.3380550540745910215 0.3380550399999999733
0.8144000000000000128 0.3367526540346061914 0.3367526399999999365
0.8152000000000000357 0.3354489739944593873 0.3354489599999999072
0.8160000000000000586 0.3341440139541502763 0.3341439999999998856
0.8168000000000000815 0.3328377739136785252 0.3328377599999998715
0.8175999999999999934 0.3315302538730440229 0.3315302399999999761
0.8184000000000000163 0.3302214538322465476 0.3302214399999999772
0.8192000000000000393 0.328911373791285766 0.328911359999999986
0.8200000000000000622 0.3276000137501621223 0.3275999999999998913
0.8208000000000000851 0.3262873737088747284 0.3262873599999999152
0.821599999999999997 0.3249734536674240282 0.3249734400000000578
0.8224000000000000199 0.3236582536258091336 0.3236582399999999859
0.8232000000000000428 0.3223417735840305998 0.3223417599999999217
0.8240000000000000657 0.3210240135420878715 0.321023999999999865
0.8248000000000000886 0.3197049734999807269 0.319704959999999816
0.8256000000000000005 0.3183846534577091658 0.3183846399999999965
0.8264000000000000234 0.3170630534152728552 0.3170630399999999627
0.8272000000000000464 0.3157401733726716841 0.3157401599999999364
0.8280000000000000693 0.3144160133299055415 0.3144159999999999178
0.8288000000000000922 0.3130905732869743163 0.3130905599999997957
0.8296000000000000041 0.3117638532438773424 0.3117638400000000143
0.830400000000000027 0.310435853200615175 0.3104358399999999074
0.8312000000000000499 0.3091065731571870367 0.3091065599999999192
0.8320000000000000728 0.3077760131135929278 0.3077759999999998275
0.8327999999999999847 0.3064441730698327371 0.3064441600000000765
0.8336000000000000076 0.3051110530259063536 0.30511104
0.8344000000000000306 0.3037766529818135552 0.3037766399999999312
0.8352000000000000535 0.30244097293755412 0.3024409599999998699
0.8360000000000000764 0.3011040128931276039 0.3011039999999999273
0.8367999999999999883 0.2997657728485343398 0.2997657599999999922
0.8376000000000000112 0.2984262528037739948 0.2984262399999999538
0.8384000000000000341 0.2970854527588460137 0.2970854399999999229
0.839200000000000057 0.2957433727137506185 0.2957433599999998997
0.8400000000000000799 0.2944000126684874763 0.294399999999999884
0.8407999999999999918 0.293055372623056698 0.293055359999999987
0.8416000000000000147 0.2917094525774576175 0.2917094399999999865
0.8424000000000000377 0.2903622525316902347 0.2903622399999998827
0.8432000000000000606 0.2890137724857546608 0.2890137599999998974
0.8440000000000000835 0.2876640124396503406 0.2876639999999998087
0.8447999999999999954 0.2863129723933773851 0.2863129600000000607
0.8456000000000000183 0.2849606523469354613 0.2849606399999999873
0.8464000000000000412 0.2836070523003243471 0.2836070399999999214
0.8472000000000000641 0.2822521722535439315 0.2822521599999998632
0.848000000000000087 0.2808960122065941034 0.2808959999999998125
0.8487999999999999989 0.2795385721594744188 0.2795385599999999915
0.8496000000000000218 0.2781798521121850998 0.278179839999999956
0.8504000000000000448 0.2768198520647259242 0.2768198399999999282
0.8512000000000000677 0.275458572017096337 0.2754585599999999079
0.8520000000000000906 0.2740960119692961161 0.2740959999999998953
0.8528000000000000025 0.2727321719213255946 0.2727321600000000013
0.8536000000000000254 0.2713670518731842174 0.2713670400000000038
0.8544000000000000483 0.2700006518248718734 0.2700006399999999029
0.8552000000000000712 0.2686329717763884517 0.2686329599999999207
0.8560000000000000941 0.2672640117277339522 0.267263999999999835
0.856800000000000006 0.2658937716789078198 0.265893759999999979
0.857600000000000029 0.2645222516299100546 0.2645222399999999086
0.8584000000000000519 0.2631494515807405454 0.2631494399999999567
0.8592000000000000748 0.2617753715313991814 0.2617753599999999015
0.8599999999999999867 0.2604000114818855183 0.2604000000000000759
0.8608000000000000096 0.2590233714321994452 0.2590233600000000358
0.8616000000000000325 0.257645451382340851 0.2576454399999998923
0.8624000000000000554 0.2562662513323095137 0.2562662399999998675
0.8632000000000000783 0.2548857712821052113 0.2548857599999998502
0.8639999999999999902 0.2535040112317277217 0.2535040000000000626
0.8648000000000000131 0.2521209711811772669 0.2521209599999999496
0.8656000000000000361 0.2507366511304532919 0.2507366399999999551
0.866400000000000059 0.2493510510795555746 0.2493510399999998572
0.8672000000000000819 0.247964171028484226 0.247964159999999878
0.8679999999999999938 0.246576010977238913 0.2465760000000000174
0.8688000000000000167 0.2451865709258193027 0.2451865599999999423
0.8696000000000000396 0.2437958508742255059 0.2437958399999999859
0.8704000000000000625 0.2424038508224569677 0.242403839999999926
0.8712000000000000854 0.24101057077051391 0.2410105599999998738
0.8719999999999999973 0.2396160107183961108 0.2396160000000000512
0.8728000000000000203 0.2382201706661030149 0.2382201600000000141
0.8736000000000000432 0.2368230506136347335 0.2368230399999998737
0.8744000000000000661 0.2354246505609909335 0.2354246399999998518
0.875200000000000089 0.2340249705081717257 0.2340249599999998376
0.8760000000000000009 0.2326240104551765553 0.232624000000000053
0.8768000000000000238 0.2312217704020056441 0.2312217599999999429
0.8776000000000000467 0.2298182503486585482 0.2298182399999999515
0.8784000000000000696 0.2284134502951350454 0.2284134399999998566
0.8792000000000000925 0.2270073702414351358 0.2270073599999998804
0.8800000000000000044 0.2256000101875583752 0.2256000000000000227
0.8808000000000000274 0.2241913701335047637 0.2241913599999999507
0.8816000000000000503 0.2227814500792743013 0.2227814399999998862
0.8824000000000000732 0.2213702500248665439 0.2213702399999998294
0.8832000000000000961 0.2199577699702811584 0.2199577599999997801
0.884000000000000008 0.2185440099155184779 0.2185439999999999605
0.8848000000000000309 0.2171289698605779472 0.2171289599999999265
0.8856000000000000538 0.2157126498054595665 0.2157126399999999
0.8864000000000000767 0.2142950497501628915 0.2142950399999998812
0.8871999999999999886 0.2128761696946879223 0.212876159999999981
0.8880000000000000115 0.2114560096390343258 0.2114559999999999773
0.8888000000000000345 0.210034569583202213 0.2100345599999999813
0.8896000000000000574 0.208611849527191251 0.2086118399999998818
0.8904000000000000803 0.2071878494710012175 0.207187839999999901
0.8911999999999999922 0.2057625694146318907 0.2057625600000000388
0.8920000000000000151 0.2043360093580832704 0.2043359999999999621
0.892800000000000038 0.2029081693013550236 0.2029081599999998931
0.8936000000000000609 0.2014790492444471504 0.2014790399999999426
0.8944000000000000838 0.2000486491873589845 0.2000486399999998888
0.8951999999999999957 0.1986169691300909701 0.1986169599999999535
0.8960000000000000187 0.1971840090726426631 0.1971839999999999149
0.8968000000000000416 0.1957497690150138414 0.1957497599999998839
0.8976000000000000645 0.194314248957204283 0.1943142399999998604
0.8984000000000000874 0.1928774488992137659 0.1928774399999998446
0.8991999999999999993 0.191439368841042068 0.1914393599999999473
0.9000000000000000222 0.1900000087826891892 0.1899999999999999467
0.9008000000000000451 0.1885593687241549077 0.1885593599999999537
0.901600000000000068 0.1871174486654392233 0.1871174399999998572
0.9024000000000000909 0.185674248606541914 0.1856742399999998794
0.9032000000000000028 0.1842297685474623137 0.1842297600000000202
0.9040000000000000258 0.1827840084882006444 0.1827839999999999465
0.9048000000000000487 0.1813369684287569061 0.1813369599999998805
0.9056000000000000716 0.1798886483691302107 0.179888639999999822
0.9064000000000000945 0.1784390483093212243 0.1784390399999998822
0.9072000000000000064 0.1769881682493290587 0.17698815999999995
0.9080000000000000293 0.17553600818915438 0.1755359999999999143
0.9088000000000000522 0.174082568128795856 0.1740825599999998863
0.9096000000000000751 0.1726278480682541527 0.1726278399999998658
0.9104000000000000981 0.1711718480075288262 0.171171839999999853
0.9112000000000000099 0.1697145679466196544 0.1697145599999999588
0.9120000000000000329 0.1682560078855266372 0.1682559999999999611
0.9128000000000000558 0.1667961678242493306 0.1667961599999998601
0.9136000000000000787 0.1653350477627879567 0.1653350399999998777
0.9143999999999999906 0.1638726477011418492 0.1638726400000000138
0.9152000000000000135 0.1624089676393110082 0.1624089599999999356
0.9160000000000000364 0.1609440075772954337 0.160943999999999976
0.9168000000000000593 0.1594777675150946816 0.1594777599999999129
0.9176000000000000822 0.1580102474527087519 0.1580102399999998575
0.9183999999999999941 0.1565414473901372006 0.1565414400000000317
0.9192000000000000171 0.1550713673273804716 0.1550713599999999914
0.92000000000000004 0.1536000072644376768 0.1535999999999999588
0.9208000000000000629 0.1521273672013088163 0.1521273599999999337
0.9216000000000000858 0.15065344713799389 0.1506534399999998053
0.9223999999999999977 0.1491782470744924538 0.1491782400000000175
0.9232000000000000206 0.1477017670108045078 0.1477017600000000153
0.9240000000000000435 0.1462240069469296078 0.1462239999999999096
0.9248000000000000664 0.1447449668828681979 0.1447449599999999226
0.9256000000000000894 0.143264646818619612 0.1432646399999998321
0.9264000000000000012 0.1417830467541836281 0.1417830399999999713
0.9272000000000000242 0.1403001666895602462 0.1403001600000000071
0.9280000000000000471 0.1388160066247492441 0.1388159999999999394
0.92880000000000007 0.1373305665597503999 0.1373305599999998794
0.9296000000000000929 0.1358438464945634916 0.135843839999999827
0.9304000000000000048 0.1343558464291885191 0.1343558400000000042
0.9312000000000000277 0.1328665663636250382 0.1328665599999999669
0.9320000000000000506 0.1313760062978730492 0.1313759999999999373
0.9328000000000000735 0.1298841662319323298 0.1298841599999999152
0.9336000000000000965 0.1283910461658026581 0.1283910399999997898
0.9344000000000000083 0.126896646099484034 0.126896640000000005
0.9352000000000000313 0.1254009660329760134 0.1254009599999998947
0.9360000000000000542 0.1239040059662783744 0.1239039999999999031
0.9368000000000000771 0.1224057658993911168 0.1224057599999998081
0.9376000000000001 0.1209062458323137967 0.1209062399999998316
0.9384000000000000119 0.1194054457650466361 0.1194054399999999738
0.9392000000000000348 0.1179033656975889688 0.1179033599999999016
0.9400000000000000577 0.1164000056299410168 0.1163999999999998369
0.9408000000000000806 0.1148953655621025582 0.1148953599999998909
0.9415999999999999925 0.1133894454940733709 0.1133894400000000635
0.9424000000000000155 0.1118822454258530108 0.1118822400000000217
0.9432000000000000384 0.1103737653574416999 0.1103737599999998764
0.9440000000000000613 0.1088640052888389942 0.1088639999999998498
0.9448000000000000842 0.1073529652200444495 0.1073529599999998307
0.9455999999999999961 0.10584064515105851 0.1058406400000000414
0.946400000000000019 0.1043270450818802875 0.1043270399999999265
0.9472000000000000419 0.102812165012510448 0.1028121599999999303
0.9480000000000000648 0.1012960049429481035 0.1012959999999998306
0.9488000000000000878 0.09977856487319325396 0.09977855999999984959
0.9495999999999999996 0.09825984480324567727 0.09825983999999998719
0.9504000000000000226 0.09673984473310537346 0.09673983999999991035
0.9512000000000000455 0.09521856466277234254 0.09521855999999995213
0.9520000000000000684 0.09369600459224569633 0.09369599999999989048
0.9528000000000000913 0.09217216452152565687 0.09217215999999983644
0.9536000000000000032 0.09064704445061200211 0.09064704000000001205
0.9544000000000000261 0.0891206443795049541 0.08912063999999997321
0.955200000000000049 0.08759296430820384671 0.08759295999999994198
0.9560000000000000719 0.0860640042367084579 0.08606399999999980732
0.9568000000000000949 0.08453376416501878765 0.08453375999999979129
0.9576000000000000068 0.08300224409313483598 0.0830022400000000049
0.9584000000000000297 0.0814694440210557147 0.08146943999999989305
0.9592000000000000526 0.0799353639487818679 0.07993535999999989983
0.9600000000000000755 0.0784000038763128515 0.07839999999999980318
0.9608000000000000984 0.0768633638036486655 0.07686335999999982516
0.9616000000000000103 0.07532544373078908784 0.07532543999999996576
0.9624000000000000332 0.07378624365773389648 0.07378623999999989191
0.9632000000000000561 0.07224576358448286939 0.0722457599999999367
0.964000000000000079 0.07070400351103578451 0.07070399999999987806
0.9647999999999999909 0.06916096343739264185 0.06916096000000004906
0.9656000000000000139 0.06761664336355299731 0.06761664000000000563
0.9664000000000000368 0.0660710432895168509 0.06607103999999996979
0.9672000000000000597 0.06452416321528375853 0.06452415999999983054
0.9680000000000000826 0.06297600314085394224 0.06297599999999980991
0.9687999999999999945 0.06142656306622717999 0.06142656000000001892
0.9696000000000000174 0.05987584299140280564 0.0598758400000000135
0.9704000000000000403 0.05832384291638104123 0.05832383999999990465
0.9712000000000000632 0.05677056284116166474 0.05677055999999991442
0.9720000000000000862 0.05521600276574401001 0.05521599999999982078
0.972799999999999998 0.05366016269012852113 0.05366015999999995678
0.973600000000000021 0.05210304261431453199 0.05210303999999998936
0.9744000000000000439 0.05054464253830248666 0.05054463999999991852
0.9752000000000000668 0.04898496246209149696 0.04898495999999985528
0.9760000000000000897 0.04742400238568178494 0.04742399999999979965
0.9768000000000000016 0.04586176230907312856 0.04586175999999997366
0.9776000000000000245 0.04429824223226530577 0.04429823999999993323
0.9784000000000000474 0.04273344215525809453 0.04273343999999990039
0.9792000000000000703 0.04116736207805127279 0.04116735999999987516
0.9800000000000000933 0.03960000200064439646 0.03959999999999985754
0.9808000000000000052 0.03803136192303790963 0.03803135999999995853
0.9816000000000000281 0.03646144184523092413 0.03646143999999995611
0.982400000000000051 0.03489024176722366199 0.03489023999999985026
0.9832000000000000739 0.03331776168901612323 0.03331775999999986304
0.9840000000000000968 0.03174400161060786374 0.0317439999999997724
0.9848000000000000087 0.03016896153199866148 0.03016896000000002243
0.9856000000000000316 0.02859264145318829442 0.02859263999999994699
0.9864000000000000545 0.02701504137417676255 0.02701503999999987915
0.9872000000000000774 0.02543616129496339973 0.02543615999999981891
0.9880000000000001004 0.0238560012155488721 0.02385599999999976628
0.9888000000000000123 0.02227456113593229148 0.02227455999999994329
0.9896000000000000352 0.02069184105611343583 0.02069183999999990586
0.9904000000000000581 0.01910784097609274923 0.01910783999999987604
0.991200000000000081 0.01752256089586956556 0.01752255999999985381
0.9919999999999999929 0.0159360008154438848 0.01593600000000006123
0.9928000000000000158 0.01434816073481504084 0.01434815999999994318
0.9936000000000000387 0.01275904065398325571 0.01275903999999994376
0.9944000000000000616 0.01116864057294852941 0.01116863999999984092
0.9952000000000000846 0.009576960491710417855 0.009576959999999856699
0.9959999999999999964 0.007984000410268699 0.007983999999999991104
0.9968000000000000194 0.006389760328623150798 0.006389759999999911066
0.9976000000000000423 0.004794240246773551206 0.004794239999999949653
0.9984000000000000652 0.003197440164720122269 0.003197439999999884819
0.9992000000000000881 0.001599360082462419896 0.001599359999999827586
1 0 0
