0 1.76573
0.01 1.75009
0.02 1.73444
0.03 1.71897
0.04 1.70368
0.05 1.68855
0.06 1.67359
0.07 1.6588
0.08 1.64419
0.09 1.62974
0.1 1.61546
0.11 1.60135
0.12 1.58741
0.13 1.57364
0.14 1.56004
0.15 1.54661
0.16 1.53335
0.17 1.52026
0.18 1.50733
0.19 1.49457
0.2 1.48198
0.21 1.46956
0.22 1.45731
0.23 1.44522
0.24 1.4333
0.25 1.42155
0.26 1.40996
0.27 1.39854
0.28 1.38729
0.29 1.3762
0.3 1.36528
0.31 1.35452
0.32 1.34394
0.33 1.33351
0.34 1.32325
0.35 1.31316
0.36 1.30323
0.37 1.29346
0.38 1.28386
0.39 1.27443
0.4 1.26515
0.41 1.25604
0.42 1.2471
0.43 1.23832
0.44 1.2297
0.45 1.22124
0.46 1.21295
0.47 1.20481
0.48 1.19684
0.49 1.18904
0.5 1.18139
0.51 1.1739
0.52 1.16658
0.53 1.15942
0.54 1.15241
0.55 1.14557
0.56 1.13889
0.57 1.13237
0.58 1.126
0.59 1.1198
0.6 1.11376
0.61 1.10787
0.62 1.10215
0.63 1.09658
0.64 1.09117
0.65 1.08592
0.66 1.08082
0.67 1.07589
0.68 1.07111
0.69 1.06649
0.7 1.06202
0.71 1.05771
0.72 1.05356
0.73 1.04956
0.74 1.04572
0.75 1.04204
0.76 1.03851
0.77 1.03514
0.78 1.03192
0.79 1.02886
0.8 1.02595
0.81 1.02319
0.82 1.02059
0.83 1.01815
0.84 1.01586
0.85 1.01372
0.86 1.01173
0.87 1.0099
0.88 1.00822
0.89 1.0067
0.9 1.00533
0.91 1.00411
0.92 1.00304
0.93 1.00213
0.94 1.00137
0.95 1.00076
0.96 1.0003
0.97 1
0.98 0.999848
0.99 0.999848
1 1
